(32,17): 2
2.0000	0.0004	18
	0.644256	-0.691687
	-0.757641	-0.717026
	0.104468	0.0862717
	---------------------
	-0.644344	0.691609
	0.757566	0.7171
	-0.104471	-0.0862835
	---------------------
	-0.643863	0.692035
	0.757977	0.716696
	-0.104454	-0.0862187
	---------------------
	-0.643908	-0.691995
	0.757939	-0.716734
	-0.104455	0.0862248
	---------------------
	-0.644074	0.691849
	0.757797	0.716873
	-0.104461	-0.0862471
	---------------------
	0.650892	-0.685759
	-0.751918	-0.722591
	0.104684	0.0871599
	---------------------
	0.643819	0.692074
	-0.758015	0.716659
	0.104452	-0.0862128
	---------------------
	-0.704156	0.625374
	0.709427	0.773829
	-0.0296194	-0.10048
	---------------------
	-0.704156	0.625374
	0.709427	0.773829
	-0.0296194	-0.10048
	---------------------
	-0.704156	0.625374
	0.709427	0.773829
	-0.0296194	-0.10048
	---------------------
2.0000	0.0005	18
	-0.704156	0.625374
	0.709427	0.773829
	-0.0296194	-0.10048
	---------------------
	0.691966	0.643942
	0.716762	-0.75791
	-0.0862293	0.104456
	---------------------
	-0.69177	-0.644162
	-0.716947	0.757722
	0.086259	-0.104464
	---------------------
	0.650837	0.685809
	-0.751966	0.722545
	0.104682	-0.0871526
	---------------------
	-0.650863	0.685786
	0.751943	0.722566
	-0.104683	-0.087156
	---------------------
	0.643936	-0.691971
	-0.757915	-0.716757
	0.104456	0.0862285
	---------------------
	0.691927	-0.643985
	0.716798	0.757873
	-0.0862351	-0.104458
	---------------------
	-0.643873	0.692026
	0.757969	0.716705
	-0.104454	-0.0862201
	---------------------
	0.644184	0.691751
	-0.757703	0.716965
	0.104465	-0.0862619
	---------------------
	-0.68621	-0.650393
	-0.722171	0.752352
	0.0870932	-0.104669
	---------------------
2.0000	0.0006	18
	0.691957	-0.643952
	0.71677	0.757902
	-0.0862306	-0.104457
	---------------------
	0.643922	0.691983
	-0.757927	0.716746
	0.104456	-0.0862266
	---------------------
	-0.644373	0.691584
	0.757541	0.717124
	-0.104472	-0.0862874
	---------------------
	-0.650897	-0.685754
	0.751913	-0.722595
	-0.104684	0.0871606
	---------------------
	0.691931	-0.643981
	0.716795	0.757877
	-0.0862346	-0.104458
	---------------------
	-0.643911	-0.691993
	0.757936	-0.716736
	-0.104455	0.0862252
	---------------------
	0.643928	0.691978
	-0.757922	0.716751
	0.104456	-0.0862275
	---------------------
	-0.685957	-0.650673
	-0.722406	0.752109
	0.0871306	-0.104677
	---------------------
	-0.691998	0.643905
	-0.716731	-0.757941
	0.0862244	0.104455
	---------------------
	-0.685716	-0.65094
	-0.722631	0.751877
	0.0871662	-0.104685
	---------------------
2.0000	0.0007	18
	-0.691793	-0.644137
	-0.716926	0.757744
	0.0862555	-0.104463
	---------------------
	-0.644036	0.691883
	0.75783	0.716841
	-0.10446	-0.0862419
	---------------------
	-0.68579	-0.650859
	-0.722562	0.751947
	0.0871554	-0.104683
	---------------------
	0.685869	-0.65077
	0.722488	0.752024
	-0.0871436	-0.10468
	---------------------
	-0.685721	0.650935
	-0.722627	-0.751881
	0.0871656	0.104685
	---------------------
	0.644058	-0.691863
	-0.757811	-0.716859
	0.104461	0.0862449
	---------------------
	-0.643973	0.691938
	0.757883	0.716789
	-0.104458	-0.0862336
	---------------------
	-0.686132	0.650479
	-0.722243	-0.752277
	0.0871047	0.104671
	---------------------
	-0.685752	-0.6509
	-0.722597	0.751911
	0.0871609	-0.104684
	---------------------
	0.692037	-0.643861
	0.716695	0.757979
	-0.0862185	-0.104454
	---------------------
2.0000	0.0008	18
	-0.692004	0.643898
	-0.716726	-0.757947
	0.0862234	0.104455
	---------------------
	0.691879	-0.64404
	0.716845	0.757826
	-0.0862425	-0.10446
	---------------------
	0.644091	-0.691834
	-0.757783	-0.716887
	0.104462	0.0862494
	---------------------
	-0.685876	0.650763
	-0.722482	-0.75203
	0.0871427	0.10468
	---------------------
	0.685975	-0.650653
	0.72239	0.752126
	-0.0871279	-0.104677
	---------------------
	-0.6857	-0.650958
	-0.722646	0.751861
	0.0871687	-0.104686
	---------------------
	0.692	-0.643903
	0.716729	0.757944
	-0.086224	-0.104455
	---------------------
	-0.69188	0.644038
	-0.716843	-0.757828
	0.0862423	0.10446
	---------------------
	-0.650787	-0.685854
	0.75201	-0.722502
	-0.104681	0.0871458
	---------------------
	-0.650865	0.685784
	0.751942	0.722568
	-0.104683	-0.0871563
	---------------------
2.0000	0.0009	18
	0.685837	-0.650806
	0.722519	0.751993
	-0.0871485	-0.104681
	---------------------
	-0.692061	-0.643835
	-0.716672	0.758002
	0.0862149	-0.104453
	---------------------
	-0.692085	0.643807
	-0.716649	-0.758026
	0.0862111	0.104452
	---------------------
	0.644016	-0.6919
	-0.757847	-0.716825
	0.104459	0.0862393
	---------------------
	0.644097	0.691829
	-0.757778	0.716892
	0.104462	-0.0862501
	---------------------
	-0.65093	-0.685725
	0.751885	-0.722622
	-0.104685	0.0871649
	---------------------
	-0.643857	0.692041
	0.757982	0.716691
	-0.104453	-0.0862179
	---------------------
	-0.643987	-0.691926
	0.757872	-0.7168
	-0.104458	0.0862353
	---------------------
	-0.685802	0.650845
	-0.722551	-0.751959
	0.0871536	0.104683
	---------------------
	0.650653	0.685975
	-0.752126	0.72239
	0.104677	-0.087128
	---------------------
2.0000	0.0010	18
	0.691798	0.644131
	0.716921	-0.757748
	-0.0862548	0.104463
	---------------------
	0.64377	-0.692118
	-0.758057	-0.716618
	0.10445	0.0862062
	---------------------
	-0.643907	0.691997
	0.75794	0.716733
	-0.104455	-0.0862246
	---------------------
	0.644038	0.691881
	-0.757828	0.716843
	0.10446	-0.0862422
	---------------------
	-0.685755	-0.650897
	-0.722595	0.751913
	0.0871606	-0.104684
	---------------------
	-0.685755	-0.650897
	-0.722595	0.751914
	0.0871606	-0.104684
	---------------------
	-0.64392	0.691985
	0.757929	0.716743
	-0.104456	-0.0862263
	---------------------
	-0.644042	0.691877
	0.757824	0.716846
	-0.10446	-0.0862428
	---------------------
	0.64405	0.69187
	-0.757818	0.716853
	0.10446	-0.0862439
	---------------------
	0.685988	0.650639
	0.722378	-0.752138
	-0.0871261	0.104676
	---------------------
2.0000	0.0011	18
	0.650864	-0.685785
	-0.751942	-0.722567
	0.104683	0.0871561
	---------------------
	-0.644136	-0.691794
	0.757744	-0.716925
	-0.104463	0.0862554
	---------------------
	0.64395	0.691959
	-0.757903	0.716769
	0.104457	-0.0862304
	---------------------
	-0.644005	-0.69191
	0.757857	-0.716815
	-0.104459	0.0862377
	---------------------
	-0.691869	0.644051
	-0.716854	-0.757817
	0.086244	0.10446
	---------------------
	-0.650899	0.685753
	0.751912	0.722596
	-0.104684	-0.0871608
	---------------------
	0.643994	-0.69192
	-0.757866	-0.716806
	0.104458	0.0862363
	---------------------
	0.644001	-0.691914
	-0.75786	-0.716811
	0.104459	0.0862372
	---------------------
	-0.643807	0.692085
	0.758025	0.716649
	-0.104452	-0.0862111
	---------------------
	-0.650887	-0.685764
	0.751923	-0.722586
	-0.104684	0.0871592
	---------------------
2.0000	0.0012	18
	0.691918	-0.643996
	0.716807	0.757864
	-0.0862366	-0.104458
	---------------------
	0.643928	-0.691978
	-0.757922	-0.716751
	0.104456	0.0862275
	---------------------
	-0.643867	0.692032
	0.757974	0.7167
	-0.104454	-0.0862193
	---------------------
	-0.644256	-0.691688
	0.757642	-0.717025
	-0.104468	0.0862715
	---------------------
	-0.650867	0.685782
	0.75194	0.722569
	-0.104683	-0.0871565
	---------------------
	0.650857	-0.685791
	-0.751949	-0.722561
	0.104683	0.0871552
	---------------------
	-0.691998	-0.643905
	-0.716731	0.757942
	0.0862243	-0.104455
	---------------------
	-0.64405	-0.69187
	0.757818	-0.716853
	-0.10446	0.0862439
	---------------------
	0.644233	0.691708
	-0.757661	0.717006
	0.104467	-0.0862685
	---------------------
	-0.691857	-0.644065
	-0.716865	0.757805
	0.0862459	-0.104461
	---------------------
2.0000	0.0013	18
	-0.691979	-0.643927
	-0.71675	0.757922
	0.0862274	-0.104456
	---------------------
	-0.643957	-0.691953
	0.757898	-0.716774
	-0.104457	0.0862313
	---------------------
	-0.691853	0.644069
	-0.716869	-0.757801
	0.0862465	0.104461
	---------------------
	0.650834	-0.685812
	-0.751969	-0.722542
	0.104682	0.0871521
	---------------------
	0.650893	-0.685758
	-0.751917	-0.722592
	0.104684	0.0871601
	---------------------
	0.643892	0.69201
	-0.757953	0.71672
	0.104455	-0.0862225
	---------------------
	0.643978	-0.691933
	-0.757879	-0.716793
	0.104458	0.0862342
	---------------------
	0.65068	0.685951
	-0.752103	0.722412
	0.104678	-0.0871315
	---------------------
	0.685766	0.650884
	0.722584	-0.751925
	-0.0871589	0.104684
	---------------------
	0.650889	0.685762
	-0.751921	0.722588
	0.104684	-0.0871594
	---------------------
2.0000	0.0014	18
	0.650804	-0.685839
	-0.751995	-0.722516
	0.104681	0.0871481
	---------------------
	0.643928	-0.691978
	-0.757922	-0.71675
	0.104456	0.0862274
	---------------------
	0.6441	0.691825
	-0.757775	0.716895
	0.104462	-0.0862507
	---------------------
	-0.650862	0.685787
	0.751944	0.722565
	-0.104683	-0.0871559
	---------------------
	-0.692072	0.643821
	-0.716661	-0.758013
	0.0862131	0.104452
	---------------------
	0.643798	-0.692093
	-0.758033	-0.716641
	0.104451	0.0862099
	---------------------
	-0.65095	0.685707
	0.751868	0.722639
	-0.104686	-0.0871676
	---------------------
	0.64402	-0.691897
	-0.757844	-0.716827
	0.104459	0.0862398
	---------------------
	0.644144	-0.691787
	-0.757737	-0.716932
	0.104464	0.0862565
	---------------------
	0.643824	0.69207
	-0.758011	0.716663
	0.104452	-0.0862134
	---------------------
2.0000	0.0015	18
	0.685798	-0.650849
	0.722555	0.751955
	-0.0871542	-0.104683
	---------------------
	-0.644015	0.691901
	0.757848	0.716823
	-0.104459	-0.0862391
	---------------------
	0.643978	0.691933
	-0.757879	0.716793
	0.104458	-0.0862342
	---------------------
	0.644045	-0.691875
	-0.757822	-0.716848
	0.10446	0.0862431
	---------------------
	-0.685769	-0.650881
	-0.722582	0.751927
	0.0871585	-0.104684
	---------------------
	0.644067	0.691855
	-0.757803	0.716867
	0.104461	-0.0862461
	---------------------
	0.643921	-0.691985
	-0.757928	-0.716744
	0.104456	0.0862264
	---------------------
	-0.644111	0.691816
	0.757766	0.716904
	-0.104463	-0.086252
	---------------------
	0.691671	0.644274
	0.717041	-0.757626
	-0.086274	0.104468
	---------------------
	0.650926	-0.685729
	-0.751889	-0.722619
	0.104685	0.0871644
	---------------------
2.0000	0.0016	18
	0.644135	0.691795
	-0.757745	0.716924
	0.104463	-0.0862553
	---------------------
	-0.691898	0.644019
	-0.716827	-0.757844
	0.0862396	0.104459
	---------------------
	0.643892	-0.69201
	-0.757952	-0.716721
	0.104455	0.0862226
	---------------------
	0.644289	-0.691658
	-0.757613	-0.717054
	0.104469	0.0862761
	---------------------
	-0.69195	-0.643959
	-0.716777	0.757895
	0.0862317	-0.104457
	---------------------
	-0.644184	-0.691751
	0.757703	-0.716965
	-0.104465	0.0862619
	---------------------
	-0.68576	0.650891
	-0.72259	-0.751919
	0.0871598	0.104684
	---------------------
	0.685718	-0.650937
	0.722629	0.751879
	-0.0871659	-0.104685
	---------------------
	0.685746	0.650907
	0.722603	-0.751905
	-0.0871619	0.104684
	---------------------
	0.650868	-0.685781
	-0.751939	-0.72257
	0.104683	0.0871567
	---------------------
2.0000	0.0017	18
	0.691883	0.644035
	0.71684	-0.75783
	-0.0862419	0.10446
	---------------------
	0.643993	0.69192
	-0.757866	0.716805
	0.104458	-0.0862362
	---------------------
	0.692012	-0.64389
	0.716719	0.757954
	-0.0862223	-0.104455
	---------------------
	-0.650931	-0.685724
	0.751884	-0.722624
	-0.104685	0.0871651
	---------------------
	-0.691891	0.644026
	-0.716833	-0.757838
	0.0862407	0.10446
	---------------------
	-0.644007	0.691908
	0.757855	0.716817
	-0.104459	-0.0862381
	---------------------
	0.643958	-0.691952
	-0.757897	-0.716775
	0.104457	0.0862314
	---------------------
	-0.685827	0.650817
	-0.722528	-0.751983
	0.0871499	0.104682
	---------------------
	0.691964	-0.643944
	0.716764	0.757908
	-0.0862296	-0.104457
	---------------------
	-0.643871	0.692028
	0.75797	0.716703
	-0.104454	-0.0862198
	---------------------
