0.51115 0.48885 
0.500694 0.499306 
0.411971 0.588029 
0.471234 0.528766 
0.495761 0.504239 
0.52714 0.47286 
0.451797 0.548203 
0.498083 0.501917 
0.531461 0.468539 
0.478147 0.521853 
0.529981 0.470019 
0.476632 0.523368 
0.513188 0.486812 
0.487156 0.512844 
0.498649 0.501351 
0.482392 0.517608 
0.528847 0.471153 
0.475663 0.524337 
0.482237 0.517763 
0.477047 0.522953 
0.480183 0.519817 
0.501505 0.498495 
0.48847 0.51153 
0.512136 0.487864 
0.496686 0.503314 
0.298759 0.701241 
0.453087 0.546913 
0.513152 0.486848 
0.494135 0.505865 
0.499485 0.500515 
0.454333 0.545667 
0.486072 0.513928 
0.528056 0.471944 
0.485392 0.514608 
0.461293 0.538707 
0.483761 0.516239 
0.503157 0.496843 
0.515407 0.484593 
0.516698 0.483302 
0.539106 0.460894 
0.502547 0.497453 
0.515964 0.484036 
0.540454 0.459546 
0.499553 0.500447 
0.473897 0.526103 
0.480452 0.519548 
0.466962 0.533038 
0.506977 0.493023 
0.259802 0.740198 
0.535962 0.464038 
0.540397 0.459603 
0.503568 0.496432 
0.511621 0.488379 
0.514296 0.485704 
0.500728 0.499272 
0.567604 0.432396 
0.506971 0.493029 
0.488249 0.511751 
0.493219 0.506781 
0.457687 0.542313 
0.494689 0.505311 
0.472267 0.527733 
0.483205 0.516795 
0.695966 0.304034 
0.484962 0.515038 
0.480841 0.519159 
0.485921 0.514079 
0.5135 0.4865 
0.514821 0.485179 
0.51475 0.48525 
0.494398 0.505602 
0.482752 0.517248 
0.488118 0.511882 
0.523171 0.476829 
0.47968 0.52032 
0.525111 0.474889 
0.486294 0.513706 
0.495544 0.504456 
0.308008 0.691992 
0.510565 0.489435 
0.517435 0.482565 
0.475779 0.524221 
0.528806 0.471194 
0.494832 0.505168 
0.499468 0.500532 
0.497231 0.502769 
0.487635 0.512365 
0.469028 0.530972 
0.470983 0.529017 
0.518097 0.481903 
0.492619 0.507381 
0.496257 0.503743 
0.479501 0.520499 
0.490705 0.509295 
0.541664 0.458336 
0.49516 0.50484 
0.215004 0.784996 
0.447752 0.552248 
0.486216 0.513784 
0.546603 0.453397 
0.510926 0.489074 
0.495895 0.504105 
0.51448 0.48552 
0.494179 0.505821 
0.459007 0.540993 
0.498468 0.501532 
0.461463 0.538537 
0.489137 0.510863 
0.516643 0.483357 
0.550485 0.449515 
0.497478 0.502522 
0.692896 0.307104 
0.485479 0.514521 
0.453347 0.546653 
0.279113 0.720887 
0.491075 0.508925 
0.524108 0.475892 
0.49276 0.50724 
0.453035 0.546965 
0.527121 0.472879 
0.476911 0.523089 
0.549823 0.450177 
0.482423 0.517577 
0.529874 0.470126 
0.48137 0.51863 
0.46799 0.53201 
0.496877 0.503123 
0.486917 0.513083 
0.483749 0.516251 
0.487688 0.512312 
0.504262 0.495738 
0.521014 0.478986 
0.473728 0.526272 
0.51132 0.48868 
0.509914 0.490086 
0.535994 0.464006 
0.507646 0.492354 
0.714183 0.285817 
0.475929 0.524071 
0.491601 0.508399 
0.531747 0.468253 
0.496527 0.503473 
0.474234 0.525766 
0.504261 0.495739 
0.497701 0.502299 
0.481011 0.518989 
0.487467 0.512533 
0.489096 0.510904 
0.481014 0.518986 
0.484644 0.515356 
0.497505 0.502495 
0.469811 0.530189 
0.467709 0.532291 
0.508936 0.491064 
0.488778 0.511222 
0.494734 0.505266 
0.51712 0.48288 
0.50106 0.49894 
0.488056 0.511944 
0.417109 0.582891 
0.494876 0.505124 
0.479621 0.520379 
0.505482 0.494518 
0.514536 0.485464 
0.480465 0.519535 
0.471563 0.528437 
0.491713 0.508287 
0.534517 0.465483 
0.480071 0.519929 
0.484634 0.515366 
0.478132 0.521868 
0.463027 0.536973 
0.509781 0.490219 
0.482673 0.517327 
0.523473 0.476527 
0.497379 0.502621 
0.502921 0.497079 
0.474502 0.525498 
0.4844 0.5156 
0.494398 0.505602 
0.487434 0.512566 
0.487177 0.512823 
0.520286 0.479714 
0.482748 0.517252 
0.499906 0.500094 
0.490433 0.509567 
0.514372 0.485628 
0.482688 0.517312 
0.550537 0.449463 
0.50583 0.49417 
0.509007 0.490993 
0.512664 0.487336 
0.510686 0.489314 
0.47573 0.52427 
0.493645 0.506355 
0.525428 0.474572 
0.519722 0.480278 
0.473253 0.526747 
0.507441 0.492559 
0.523358 0.476642 
