-0.0529205 -0.995537 -0.998559 0.0239138 
-0.549148 0.0139027 -0.0282266 0.527185 
-0.834048 0.0933466 0.0456315 0.849414 
-0.829937 -0.236763 0.226476 -0.83298 
-0.441194 -0.185347 0.183155 -0.47263 
0.341399 -0.953724 0.956642 0.287688 
-0.0934537 0.104303 -0.0497344 -0.118205 
0.972533 -0.188531 0.234107 0.963929 
-0.213181 -0.976513 0.970938 -0.238472 
0.260542 -0.557867 0.564635 -0.288161 
0.131419 -0.788325 0.786754 -0.095251 
-0.956476 -0.259477 0.249409 0.952833 
-0.79936 0.400309 0.384097 0.814002 
0.259067 -0.427279 -0.400424 -0.278389 
0.542132 0.81067 0.831944 -0.509805 
0.0385527 -0.00887526 -0.046511 0.00256608 
-0.0535319 0.998904 0.0179806 0.999837 
-0.997822 -0.0459613 0.998756 -0.0178805 
0.238132 -0.0620443 0.0738189 -0.226779 
0.587803 0.811974 -0.810904 -0.580492 
0.773163 -0.580386 0.580504 -0.782049 
0.0681237 -0.876398 -0.879408 -0.080873 
0.963365 0.204315 0.188997 -0.963788 
-0.259398 0.436098 0.436945 0.254112 
-0.565428 0.802233 -0.555997 0.80866 
-0.754336 -0.391917 -0.761034 -0.402306 
0.333569 0.45036 0.334208 0.429206 
-0.124104 0.85911 -0.147255 0.880558 
-0.986031 -0.160228 -0.98456 -0.174073 
0.111087 -0.486063 0.0946405 -0.440813 
0.909215 0.363761 0.358971 0.909964 
-0.381627 0.469735 0.50289 -0.375961 
-0.166403 0.80438 0.786283 -0.17498 
-0.305244 -0.632747 -0.313801 -0.636788 
-0.752979 -0.286221 -0.738308 -0.302758 
0.582966 -0.71952 0.597018 -0.709112 
-0.450999 -0.883971 0.446592 -0.878645 
0.30115 0.0450543 -0.30496 0.0280226 
-0.840184 0.465366 0.841163 0.476652 
-0.629544 -0.509178 -0.628056 0.529095 
-0.723572 0.66581 -0.72826 -0.658022 
0.283052 0.545376 0.274194 -0.535785 
-0.782151 -0.137588 0.095043 -0.798814 
-0.277709 0.943206 -0.949907 -0.251247 
-0.557779 -0.302378 0.297731 -0.546599 
0.656084 0.279235 -0.291349 -0.660136 
-0.728877 0.441726 -0.465043 0.730203 
-0.195684 -0.852588 0.835973 0.176137 
0.509543 0.873728 0.860638 0.502565 
0.433873 -0.307338 -0.323599 0.415382 
-0.743048 0.377019 0.393174 -0.758213 
-0.0237887 -0.93414 0.0516326 -0.938531 
0.044087 0.353596 0.1028 0.344946 
0.998744 0.0485031 0.993361 0.0130852 
-0.130724 -0.604583 -0.168718 0.583627 
-0.00558053 0.782321 0.104391 -0.790741 
0.991403 -0.149848 0.980121 0.184686 
-0.0506569 0.239964 -0.183294 0.0278187 
0.360609 -0.921856 0.927985 -0.324981 
-0.93134 -0.304301 0.324418 0.945311 
-0.933982 -0.158894 -0.132681 0.940627 
-0.285418 -0.208801 -0.252659 0.272712 
-0.214977 0.964964 0.958415 0.202111 
0.435082 -0.121461 -0.455604 0.112826 
0.461335 0.873822 -0.468929 -0.873566 
-0.773223 0.470832 0.756657 -0.473447 
0.465841 0.202469 -0.492884 0.193979 
-0.605609 -0.629148 0.610472 -0.617527 
-0.645159 0.750453 0.619991 0.762255 
0.190335 0.917574 -0.926912 0.212019 
-0.892915 0.0405187 -0.039411 -0.875547 
0.408015 -0.395496 0.373203 0.434126 
0.0919284 -0.285048 -0.0715433 0.265872 
0.673358 0.752562 -0.653684 -0.740484 
-0.733579 0.593632 0.753379 -0.617248 
0.503606 -0.230986 -0.216629 -0.527362 
-0.696184 0.470821 0.470542 0.680939 
0.511574 0.851454 0.855372 -0.508144 
-0.719926 0.359718 -0.35672 0.730852 
-0.559276 0.225316 -0.20463 0.546623 
-0.410995 -0.905448 0.911525 0.408728 
0.428308 0.361919 0.427217 -0.335588 
-0.247238 -0.822232 -0.246794 0.850024 
0.869152 -0.43926 0.869815 0.406005 
-0.451667 0.384985 -0.359171 0.44903 
0.882896 0.0272424 -0.0678099 -0.886885 
-0.128415 -0.922521 0.930805 0.108658 
-0.0765622 -0.761014 0.0070042 -0.774801 
-0.0278662 0.64865 0.145344 0.626257 
-0.996675 -0.0105095 0.989356 -0.0865167 
-0.919227 -0.00856286 0.0415428 0.92559 
0.393397 -0.0270991 0.0351724 -0.377687 
0.0161177 -0.999596 0.998517 -0.0252048 
-0.671177 -0.530231 -0.66586 0.524992 
-0.731903 0.543708 -0.741275 -0.546013 
0.117639 0.650566 0.0845095 -0.652881 
0.216887 0.356829 -0.306696 0.22799 
-0.850373 -0.414441 0.400631 -0.84977 
0.479402 -0.837205 0.863384 0.475302 
-0.475381 0.874343 -0.471183 0.87849 
-0.525692 -0.345863 -0.537415 -0.356961 
0.705451 0.340445 0.699408 0.317544 
-0.0618268 -0.942077 0.0358132 -0.949632 
0.0611876 -0.330576 0.128769 -0.304532 
0.99621 0.0566652 0.991028 0.0738864 
-0.659271 0.609623 -0.600917 0.654753 
-0.420805 0.198874 -0.219794 0.416119 
-0.623125 -0.767339 0.768498 0.630987 
0.0142199 0.660328 0.060303 -0.625467 
-0.073127 0.747022 0.0956757 -0.772125 
-0.997221 -0.0769732 0.993584 0.112312 
-0.425503 -0.731198 -0.743393 0.435841 
0.897167 -0.403393 -0.432083 -0.891954 
0.118482 0.550113 0.51056 -0.120254 
0.807202 0.549401 -0.810296 -0.585714 
0.279912 -0.375921 -0.266183 0.339066 
-0.519687 0.746219 0.522079 -0.736188 
0.741749 0.22614 0.739086 0.222315 
-0.263933 -0.782302 -0.244185 -0.79134 
0.616561 -0.5804 0.627794 -0.569523 
-0.997181 -0.0310024 0.0288304 -0.996641 
-0.0611486 -0.0415784 -0.00576011 -0.0768448 
0.0434934 -0.998654 0.999568 0.0283031 
0.582756 0.205724 -0.199027 -0.570107 
0.809747 -0.204986 0.182697 -0.820696 
-0.0685991 -0.9569 0.962814 0.0378813 
-0.152771 0.818621 -0.159663 -0.833425 
-0.234245 0.514544 -0.25523 -0.482867 
0.960099 0.255156 0.953607 -0.268779 
0.135977 -0.469338 -0.482708 -0.116558 
0.244213 0.871619 0.861054 -0.244159 
-0.960141 0.141429 0.159935 0.962705 
-0.115084 0.154973 -0.218406 0.118087 
-0.536972 -0.846425 0.824474 0.553368 
0.835713 -0.509459 0.522055 -0.824524 
-0.19048 0.343604 -0.310538 -0.185073 
0.196252 0.921902 -0.931992 0.25221 
0.961874 -0.178979 0.18697 0.94981 
-0.10716 0.545428 -0.114855 0.537719 
-0.0187234 0.831922 -0.0419587 0.837452 
0.994065 0.102052 0.992496 0.0976311 
-0.890591 0.223023 -0.199152 -0.889706 
0.449436 0.181156 -0.193709 0.446672 
-0.0696718 -0.957833 0.960633 -0.0943775 
0.256163 -0.91811 0.939199 -0.240574 
0.908847 0.3553 -0.304974 -0.912316 
0.329208 -0.175605 0.157788 -0.331365 
0.783417 -0.506776 0.524855 -0.800183 
0.334606 0.00257471 0.0436676 -0.315208 
-0.523733 -0.862074 0.85007 0.510246 
0.59935 -0.656564 -0.602928 -0.639621 
0.66387 0.0515435 -0.666439 0.0752463 
-0.447276 -0.752507 0.438561 -0.764998 
0.0179169 -0.384449 -0.215202 -0.40181 
0.174305 0.886242 0.224451 0.866682 
0.984529 -0.258407 0.950426 -0.295654 
0.0440491 0.374092 -0.0473825 -0.38353 
0.704256 0.671419 -0.683834 -0.66059 
-0.708578 0.639728 0.728098 -0.645389 
0.785058 -0.570248 0.788941 0.583394 
0.618617 0.713456 0.613573 -0.731003 
0.0315754 0.407182 0.0331687 -0.353958 
-0.278804 -0.945446 0.266667 -0.957987 
-0.954893 0.314683 0.960595 0.273096 
-0.10221 -0.0843045 0.0783992 -0.0876364 
0.567784 0.591264 -0.552973 -0.573906 
0.610665 0.181939 -0.196178 -0.614891 
0.552005 -0.785688 0.809775 -0.54087 
0.701721 0.366949 0.367361 -0.705684 
-0.668717 0.620377 0.610263 0.674456 
0.245774 0.693168 0.701873 -0.217069 
-0.665413 0.64761 0.6536 0.685126 
-0.0889465 -0.571061 -0.549707 0.137691 
0.741157 0.504471 0.52022 -0.715292 
-0.861979 0.450975 -0.85982 -0.4353 
0.457624 0.383409 0.447763 -0.391622 
0.21811 0.80599 0.245392 -0.810645 
0.0545126 -0.381594 0.049467 0.377629 
0.0155247 -0.916114 0.112703 0.917745 
0.998392 0.122969 0.992397 -0.123048 
0.0384067 0.987671 -0.00871351 0.983663 
-0.00986712 -0.156533 0.0288119 -0.179494 
-0.999213 0.00190766 0.999547 0.0137489 
-0.591955 -0.0256103 0.608572 -0.0379472 
-0.718019 -0.466907 0.688666 -0.470938 
-0.366113 0.883936 0.394183 0.88135 
-0.811885 -0.301165 0.278939 -0.819184 
0.581599 -0.495694 0.503929 0.569083 
-0.0508424 -0.814609 0.817465 -0.0712878 
-0.246677 0.26747 0.272787 0.242818 
-0.964862 0.0235249 -0.00186031 0.967757 
0.0905093 0.963279 0.962073 -0.0669776 
-0.0333059 0.273703 -0.227199 -0.0302846 
0.333715 -0.903606 0.905433 0.361452 
-0.942086 -0.32952 0.35857 -0.931899 
0.303953 0.207687 0.309415 -0.209559 
-0.937789 -0.0859159 -0.931047 0.131648 
0.167823 -0.974415 0.193428 0.968893 
0.4124 -0.349148 -0.432622 0.335714 
-0.474814 -0.864937 0.479487 0.871624 
-0.777482 0.360527 0.763499 -0.357166 
-0.0017189 -0.75421 0.0213494 0.781647 
0.24233 -0.63448 0.225197 0.603715 
0.970192 0.169123 0.974079 -0.156705 
0.459885 -0.736123 0.428932 -0.739327 
0.758751 0.0194095 0.763395 -0.0105251 
0.461306 0.676569 0.482954 0.673265 
-0.0412476 -0.056413 -0.00166151 0.0123542 
0.22112 0.978139 0.970299 -0.241867 
-0.974374 0.200153 0.241905 0.970231 
-0.483619 0.234125 0.213425 0.492942 
0.239673 -0.893097 -0.892813 -0.252125 
0.841825 0.38414 0.396654 -0.832731 
0.830073 0.553487 -0.555255 0.827744 
-0.025432 -0.151847 0.148639 0.00314834 
0.557075 -0.818898 0.81829 0.561098 
0.889501 -0.423041 0.428964 -0.90309 
-0.403947 -0.833495 0.820101 0.379854 
-0.213575 -0.35542 0.378714 0.200347 
0.758244 0.479218 -0.76032 -0.480616 
-0.570043 0.834186 0.567924 -0.818354 
-0.316411 -0.272916 0.315239 0.315128 
0.935957 0.217812 0.284172 -0.927433 
-0.286903 0.110612 0.111489 0.283835 
-0.204135 0.969703 0.952269 0.24353 
-0.547039 -0.770075 0.539385 0.782046 
0.359317 0.114917 -0.341141 -0.136023 
-0.756069 0.627518 0.769861 -0.608196 
-0.939852 0.278579 -0.282341 -0.936072 
-0.110207 -0.795783 0.802733 -0.110737 
-0.323315 -0.537702 0.525265 -0.333926 
0.114423 -0.997849 -0.996053 -0.0879624 
0.993353 0.0620751 0.0878535 -0.996089 
0.0125115 0.0210932 0.0126429 -0.00833181 
-0.497019 -0.685485 -0.49479 0.662523 
-0.665027 -0.110624 -0.66034 0.134035 
0.557415 -0.719634 0.56492 0.736952 
0.740764 -0.675795 0.651822 0.745262 
0.455105 0.332364 -0.308909 0.429995 
-0.494114 -0.657902 0.692606 -0.509596 
-0.279919 0.400405 0.390826 0.254234 
0.935468 0.341135 0.342171 -0.932353 
-0.215742 0.850472 0.854502 0.257065 
-0.743193 0.0721082 0.08168 0.727575 
-0.668631 -0.0424579 -0.0360997 0.685143 
0.024423 0.996493 0.996005 -0.0348341 
0.586294 0.797818 -0.623422 -0.770761 
0.247023 -0.00995359 -0.212195 0.00500708 
-0.771517 0.602816 0.752541 -0.637105 
-0.372078 0.108054 -0.404893 0.111501 
-0.457526 -0.866492 -0.495597 -0.86086 
0.807606 -0.487356 0.768404 -0.496475 
-0.0365781 -0.997954 0.0249837 0.998813 
0.0484938 0.0630599 0.0985878 -0.0440952 
0.998153 -0.0105821 0.994815 -0.0207142 
-0.212507 -0.93398 -0.924689 -0.174633 
-0.187092 -0.299782 -0.302918 -0.200823 
-0.959081 0.194452 0.230631 -0.963936 
0.894819 0.464023 0.47165 -0.881739 
-0.269355 0.530933 0.521668 0.287288 
-0.356014 0.709079 0.710921 0.374168 
-0.00253832 0.493774 -0.0397287 -0.511152 
-0.34082 0.811366 0.366107 -0.806944 
-0.940125 -0.312845 0.929724 0.295916 
0.270973 0.284737 -0.256695 0.323734 
-0.0326922 -0.949376 0.0377236 -0.938159 
-0.962032 0.132704 0.965756 0.122693 
-0.603996 -0.000787854 0.0169879 -0.584443 
0.796803 -0.00084001 -0.0213119 0.810978 
0.0171406 0.999999 0.999629 0.027222 
-0.536629 -0.440575 0.454371 -0.542487 
-0.409759 -0.594983 0.593973 -0.406629 
0.73765 -0.672226 0.663885 0.735093 
-0.656153 -0.754868 0.729887 -0.671922 
-0.225168 0.0713173 -0.0485104 -0.234254 
0.720251 -0.651987 0.681845 0.702599 
0.314914 -0.270443 -0.291771 -0.238368 
0.175999 0.960385 -0.178147 0.965046 
-0.932659 0.0672321 0.939752 0.108935 
-0.680223 0.739238 0.749625 0.655165 
0.121493 0.250727 0.253271 -0.152844 
0.722867 0.625031 0.611487 -0.739863 
0.881396 -0.340243 0.884027 -0.362558 
0.467821 0.575024 0.460986 0.571733 
0.0654562 0.744031 0.0773805 0.735984 
0.969172 -0.0998844 0.96997 -0.13474 
0.150258 -0.266279 0.158636 -0.280616 
0.195264 0.958707 0.18437 0.950316 
0.204744 -0.497067 -0.492258 0.180667 
-0.298745 0.792213 0.800111 -0.291317 
0.932111 0.35401 0.34279 0.939411 
-0.0937237 0.913942 0.00071605 -0.92137 
-0.0889732 -0.405629 0.168462 0.383241 
-0.991615 -0.0132028 0.985708 -0.0648283 
0.140045 0.448638 0.152298 0.456667 
-0.534223 0.809066 -0.503703 0.798895 
0.833662 0.379653 0.850346 0.391437 
0.249501 -0.15002 0.122593 -0.247432 
0.462221 -0.863916 0.875705 -0.428746 
-0.850941 -0.480773 0.467024 0.868881 
-0.875707 0.451208 -0.425736 0.893493 
0.210901 0.0713043 -0.0495278 -0.180697 
-0.434347 -0.889566 0.903491 0.411119 
-0.701516 -0.605763 0.616895 -0.692563 
-0.196621 0.675545 -0.671202 -0.214855 
0.684993 -0.420346 0.411009 0.688617 
0.891615 -0.426699 0.415865 0.908842 
-0.344886 -0.614608 0.639319 -0.317654 
-0.293389 -0.663465 0.646783 -0.270375 
0.996686 -2.55996e-05 0.00994938 -0.997101 
-0.0762069 -1.0618e-05 0.0270155 0.0756837 
-0.0284377 -1 0.999585 0.00787916 
-0.206922 -0.911867 -0.189045 -0.922629 
-0.53079 -0.195257 -0.556709 -0.18132 
0.821854 -0.361072 0.808911 -0.34041 
0.639466 0.743855 -0.753948 0.63575 
0.184832 -0.0178356 -0.0365323 0.210937 
0.746271 -0.668103 0.655918 0.742514 
0.268447 0.798469 -0.800359 0.268576 
-0.198144 0.597332 -0.595084 -0.247329 
0.942696 -0.0751128 0.0728018 0.930965 
-0.492443 -0.103481 0.118346 0.499108 
-0.183875 -0.945736 0.939498 0.223587 
0.8507 -0.308018 0.321462 -0.837198 
-0.598231 0.0862352 -0.613021 -0.0774457 
-0.717259 0.377477 -0.712971 -0.374557 
0.357293 0.921995 0.340407 -0.923964 
0.178657 -0.937492 0.935863 0.123836 
0.0362136 0.337463 -0.340474 0.0766457 
-0.983245 -0.08501 0.0907649 -0.989338 
0.898628 0.175138 -0.218328 0.8906 
-0.43637 0.365009 -0.364938 -0.453666 
0.045254 -0.914382 0.905071 0.0319117 
-0.551588 -0.787191 0.78932 0.552975 
0.813377 -0.458873 0.468089 -0.823194 
0.184847 -0.412026 0.397325 -0.128726 
0.0666831 0.775627 0.771536 0.0844209 
-0.498247 -0.505259 -0.511733 -0.50651 
-0.864467 0.378307 0.377969 -0.858091 
0.966843 -0.200653 -0.22147 -0.964877 
0.0160226 0.468466 0.493772 0.0139849 
0.254868 0.860394 0.840916 -0.262329 
-0.452135 -0.216168 -0.415279 0.234611 
0.890049 -0.085225 0.906648 0.0277462 
0.058192 -0.972629 0.0743785 0.971693 
-0.371862 -0.388868 0.370718 -0.345335 
-0.898011 -0.126793 0.103497 -0.907158 
0.235149 -0.912527 0.922961 0.240433 
-0.849848 -0.194158 -0.817424 -0.152733 
-0.0510484 -0.919355 -0.0851596 -0.921572 
0.52455 -0.342182 0.569708 -0.356899 
-0.0824418 -0.39768 0.0731259 0.376408 
0.504548 -0.789181 -0.529839 0.799213 
-0.859438 -0.468022 0.84494 0.468589 
0.807232 -0.0309901 0.0558335 0.821058 
-0.139886 -0.994349 0.993301 -0.103337 
0.573418 -0.101536 0.101177 0.561414 
0.177327 -0.634194 -0.176703 -0.604625 
0.589459 0.676487 -0.601322 0.691014 
-0.788095 0.374384 0.779223 0.396142 
0.161294 -0.582572 -0.574861 -0.148894 
-0.741487 -0.582554 -0.583728 0.763697 
-0.651291 0.566782 0.573408 0.62817 
0.593222 -0.052486 0.136786 0.584656 
-0.729247 -0.513844 0.484661 -0.743536 
0.341009 -0.856277 0.863941 0.324548 
0.39061 -0.811465 0.41577 -0.791222 
0.251835 0.562769 0.220104 0.565966 
0.88544 0.157529 0.882434 0.231626 
0.155729 -0.208736 0.195502 0.130203 
0.172902 0.969109 -0.969424 0.175548 
0.97255 -0.131369 0.148311 0.975823 
0.685823 0.228545 0.68677 0.201315 
0.573003 -0.724429 0.561679 -0.756883 
0.44868 0.650361 0.461372 0.621772 
0.143451 -0.00722327 -0.00225915 0.158739 
-0.989481 -0.000458573 0.011908 -0.987246 
0.0187069 -0.999974 0.999927 0.0121156 
-0.298188 0.893369 0.291041 0.90266 
-0.821762 -0.423433 0.819956 -0.40607 
-0.485584 0.150321 0.492917 0.142517 
0.564196 -0.761735 -0.558431 0.760327 
-0.72174 -0.212302 0.71466 0.237886 
-0.400966 -0.612117 0.421208 0.604411 
0.758416 0.0830854 -0.0732662 -0.743819 
-0.651014 0.128441 -0.191606 0.664232 
-0.0314045 -0.988231 0.978734 0.0743551 
-0.663671 0.685747 0.694762 0.65909 
-0.164396 0.241227 0.238199 0.16689 
0.729736 0.686702 0.678651 -0.733313 
0.0763916 -0.911585 -0.0542549 -0.918435 
0.387685 0.400606 -0.413944 0.377791 
-0.918621 0.0923485 0.908684 0.117262 
0.7679 -0.02699 0.0589008 0.75664 
0.617684 -0.224266 0.19562 0.63091 
-0.169695 -0.974154 0.978909 -0.171605 
-0.433447 0.20538 0.192878 0.433447 
-0.285397 -0.938197 -0.95135 0.302293 
-0.854794 0.278579 0.240273 0.848966 
0.88089 0.269552 -0.274643 0.88668 
-0.288403 -0.331061 0.336669 -0.273694 
0.375309 -0.90429 0.90068 0.37268 
-0.550941 0.0596316 0.542573 0.0821927 
-0.482978 0.759598 0.514869 0.753803 
-0.680585 -0.647654 0.663721 -0.651939 
0.447531 0.289414 0.274774 0.427802 
0.261686 0.837945 0.856398 0.298259 
-0.855124 0.462697 0.437129 -0.853245 
0.849828 -0.319342 -0.300931 -0.855095 
-0.482261 -0.165244 -0.166964 0.483126 
0.212644 0.933121 0.938916 -0.188153 
-0.0435816 -0.000515048 -0.0210481 0.0916573 
0.998899 0.00912532 0.0489874 -0.994498 
-0.0173473 0.999958 0.998578 0.0507192 
-0.731341 -0.354335 -0.757834 0.379968 
-0.610911 0.757623 -0.58513 -0.755434 
0.303197 0.548137 0.288635 -0.533802 
-0.612207 -0.0260875 0.59424 0.0481957 
0.0580036 0.994214 -0.0309412 -0.996094 
-0.788567 0.104202 0.803693 -0.0739837 
0.0556214 0.6391 -0.0158121 0.651288 
-0.0494297 -0.768366 0.0554971 -0.757019 
-0.997228 0.0341116 0.998334 0.0523979 
0.208841 -0.127014 0.107903 0.246612 
0.975075 -0.0360689 0.0354056 0.967177 
-0.0749262 -0.991245 0.993531 -0.0612499 
0.0389511 -0.40346 -0.0326864 -0.393228 
-0.0156539 0.913831 0.0808781 0.915295 
-0.999118 -0.0461748 0.996188 -0.087213 
-0.0129878 -0.994737 0.0172712 -0.991636 
0.667879 0.0945476 0.672042 0.106229 
0.744157 -0.0394734 0.740312 -0.0732988 
0.300169 0.418098 0.331763 -0.416346 
0.796415 -0.595907 0.796228 0.604821 
0.524997 0.68563 0.505919 -0.678858 
-0.232284 -0.192844 -0.259886 0.175382 
0.298901 0.903699 0.298779 -0.920508 
0.925582 -0.382281 0.918254 0.349149 
0.166104 0.692025 -0.735372 -0.163469 
0.867347 0.244386 -0.213302 -0.865306 
0.469169 -0.679247 0.643218 -0.47384 
-0.523967 0.310017 -0.355615 0.509995 
-0.736492 0.30982 -0.314579 0.723798 
-0.427828 -0.898833 0.880101 0.46478 
0.752922 1.1834e-05 0.752685 0.0184682 
0.561503 -0.51959 0.550615 0.530374 
0.343254 0.854416 0.360956 -0.847562 
-0.778629 -0.650988 0.765315 -0.61282 
0.544937 -0.461119 -0.559972 -0.483126 
-0.311095 0.602979 0.317372 0.625333 
-0.891691 -0.397673 -0.401833 -0.88567 
0.348432 -0.911876 -0.908802 0.354564 
-0.288933 0.101682 0.112291 -0.299788 
-0.385359 0.927048 0.917562 -0.39758 
0.441297 0.174486 0.189404 0.444143 
0.810404 0.331869 0.34958 0.802912 
-0.495751 -0.650946 -0.475445 0.655026 
-0.850146 0.214809 -0.859634 -0.203986 
0.177432 -0.728098 0.187033 0.727551 
0.885657 0.420166 -0.882088 -0.437253 
0.356851 -0.398329 -0.370863 0.415098 
-0.2971 0.81535 0.290483 -0.797812 
-0.95448 0.267463 -0.959918 0.26969 
-0.27304 -0.847197 -0.27413 -0.846654 
0.120075 0.459043 0.0583925 0.458741 
0.00677849 0.396289 -0.0035619 0.394956 
-0.420364 0.838769 -0.379012 0.849622 
0.90733 0.373393 0.925385 0.349502 
-0.147769 -0.486514 0.147227 0.492086 
0.634459 0.610626 -0.64233 -0.612086 
-0.7587 0.624852 0.752155 -0.619034 
0.186472 0.315502 0.314396 -0.15159 
0.0629128 0.942779 0.945404 -0.0392576 
-0.980444 0.107821 0.0858325 0.987664 
-0.364024 -0.587679 0.559595 0.354116 
0.151374 -0.8054 0.826043 -0.165084 
0.919006 -0.0772285 0.0671311 -0.920516 
-0.675851 -0.0617623 -0.0459061 -0.662291 
0.736755 -0.0341659 -0.0243034 0.749148 
-0.0204196 0.997506 0.99865 -0.0122128 
-0.316882 0.335366 -0.304362 -0.292342 
-0.916004 -0.305453 -0.917593 0.345472 
0.246013 -0.891195 0.25571 0.891732 
0.400876 -0.894411 0.890179 -0.45296 
0.350996 0.161155 -0.126462 -0.349136 
-0.846227 -0.417202 0.437709 0.820324 
0.110112 0.975407 0.977702 -0.116404 
-0.694947 -0.0657577 -0.0432991 0.702683 
-0.71058 0.210372 0.205485 0.701916 
0.139341 -0.937786 0.107666 -0.940149 
0.195696 -0.289753 0.164496 -0.303871 
0.970715 0.191311 0.980484 0.154218 
-0.463726 -0.401642 -0.399858 -0.465649 
-0.848744 0.429121 0.471172 -0.843245 
0.254148 0.809036 0.7862 0.268532 
-0.254126 0.872073 0.85798 -0.227645 
0.721049 -0.121451 -0.155983 0.738656 
0.6446 0.474066 0.489428 0.63448 
0.827966 -0.423717 0.378159 -0.857098 
-0.519702 -0.808921 0.823873 0.483923 
0.210671 -0.407566 0.422171 -0.176639 
-0.271431 0.945277 0.953643 -0.276426 
-0.839317 -0.325063 -0.3 -0.84201 
0.471033 0.028025 0.0237641 0.463257 
0.0964683 -0.967514 0.100273 0.967987 
-0.842358 -0.206603 -0.858048 0.201206 
0.530214 -0.145712 0.503686 0.150057 
0.407382 -0.79376 -0.431256 -0.780158 
0.49408 -0.193634 -0.488973 -0.220024 
-0.768066 -0.576586 0.758237 -0.585613 
0.564268 -0.0816014 -0.0526215 0.560988 
0.822311 -0.00405501 -0.0973789 0.82047 
0.0735213 0.996657 0.993855 0.110093 
0.541903 -0.758789 0.565523 -0.757813 
-0.196284 -0.495362 -0.189307 -0.503326 
0.817199 0.422913 0.802712 0.41519 
-0.686179 0.690316 0.67924 -0.694385 
0.192515 0.502451 -0.200301 -0.48687 
-0.701495 -0.520583 0.706054 0.529893 
-0.296593 -0.767158 0.286747 0.778002 
-0.0724348 -0.56804 0.065991 0.566083 
-0.952253 0.29799 0.955731 -0.27251 
-0.245166 -0.784576 0.795184 -0.248568 
0.935052 -0.038318 0.0301407 0.927193 
0.256068 -0.618847 0.605619 0.280227 
0.220372 0.440823 0.222678 -0.469569 
-0.15385 -0.868044 -0.153904 0.848435 
0.963206 -0.228419 0.962667 0.24426 
0.150592 0.651337 -0.088954 0.681988 
-0.117371 0.755274 0.1872 0.727282 
-0.981604 -0.0729497 0.978286 -0.0771572 
0.27277 -0.747238 -0.764561 -0.246922 
-0.259023 -0.663128 -0.64432 0.268069 
0.926555 0.0435613 0.0172514 -0.931219 
-0.247631 0.386909 0.385687 0.248255 
0.822143 -0.421519 -0.414561 -0.813791 
0.512601 0.820136 0.824248 -0.525466 
0.668136 0.288337 -0.660399 -0.30037 
-0.444458 0.897816 0.460229 -0.886102 
-0.596701 -0.332849 0.593349 0.352989 
0.686163 0.378275 -0.694028 -0.398524 
0.552311 0.289434 -0.535005 -0.271802 
-0.473427 0.879282 0.481761 -0.875958 
0.562044 0.159927 -0.781795 -0.565368 
-0.786011 -0.187593 -0.406802 0.782099 
0.257474 -0.96914 0.472556 -0.262069 
0.0739241 -0.883655 -0.0879559 -0.880255 
0.345933 -0.413762 -0.307682 -0.421194 
-0.935343 -0.218987 0.947415 -0.218508 
-0.182672 -0.903526 0.907264 0.198715 
0.754084 0.0893312 -0.108946 -0.740197 
0.630863 -0.419119 0.406206 -0.642355 
-0.549741 -0.823154 0.529288 0.848256 
0.165875 -0.138605 -0.189902 0.138901 
-0.818701 0.550641 0.826917 -0.511047 
0.424093 0.56745 0.383933 -0.573772 
0.203724 -0.822886 0.221622 0.817857 
0.882407 -0.0293058 0.89637 0.0435472 
-0.471084 0.661431 0.480683 -0.657283 
0.103669 0.704496 -0.0766511 -0.690899 
-0.875975 -0.257284 0.873538 0.301059 
0.352039 0.0306264 -0.0843144 0.340522 
0.931399 0.119524 -0.0927571 0.933032 
0.0925431 -0.992359 0.992112 0.116173 
0.948628 0.331108 0.961994 -0.269148 
-0.0276784 0.22193 -0.0212571 -0.242159 
0.315182 -0.917123 0.272241 0.932158 
-0.90859 -0.041778 0.0989042 -0.903125 
0.278385 0.628623 -0.629425 0.268444 
0.311393 -0.776587 0.770741 0.335117 
-0.37069 0.00321923 -0.377564 -0.0233888 
0.102523 -0.994344 0.100952 0.992683 
0.923081 0.106157 0.920464 -0.118467 
0.0168991 -0.943858 0.0172562 0.93788 
0.109972 0.325859 -0.139173 -0.340954 
-0.993791 0.0542976 0.990118 -0.0642709 
0.891814 -0.351154 -0.344191 0.904851 
-0.381112 -0.284948 -0.289882 -0.356234 
0.243765 0.891905 0.893029 0.233113 
0.0333557 -0.689026 0.00916131 -0.6685 
-0.981313 -0.146076 -0.986251 -0.128752 
0.189503 -0.709862 0.164997 -0.732482 
-0.9667 -0.219024 0.159376 0.969221 
-0.156463 0.969562 -0.9811 0.134372 
0.202511 -0.109447 0.10974 -0.206288 
0.561321 -0.43482 -0.428021 -0.527217 
-0.751456 0.0798407 0.073779 0.789124 
0.346745 0.896971 0.900752 -0.315159 
0.348225 -0.0453386 -0.0087648 0.357361 
-0.937039 -0.00746185 -0.0036547 -0.933966 
0.0263947 0.998944 0.999955 -0.000281181 
-0.439924 -0.888642 -0.419671 0.894336 
0.865694 -0.374976 0.875707 0.354005 
0.238833 -0.264023 0.238774 0.273575 
-0.944311 -0.297307 0.944996 -0.274796 
-0.0364397 -0.423826 0.0485169 -0.418592 
-0.327032 0.855558 0.323463 0.865602 
-0.272523 -0.363265 -0.304224 0.366601 
0.649221 0.60932 0.661954 -0.582373 
0.710101 -0.704817 0.685029 0.725565 
