0.888237 0.249318 0.922757 0.191634 
0.203661 0.914448 0.213473 0.915553 
0.411774 -0.318788 0.320857 -0.35361 
0.957902 0.0671223 -0.968865 -0.0297054 
-0.0783801 0.216361 0.0449613 -0.193748 
-0.276188 -0.974003 0.243473 0.980602 
-0.289737 -0.947843 0.231672 0.964887 
0.905677 -0.0995111 -0.931996 0.0398013 
-0.309518 -0.302805 0.278766 0.259631 
0.372884 0.762339 -0.777167 0.348414 
-0.243228 -0.171027 0.146338 -0.205742 
0.895432 -0.62417 0.612043 0.914483 
0.842762 0.222154 0.225015 0.858506 
0.510416 0.502363 0.506003 0.46942 
-0.170961 0.835631 0.832664 -0.206429 
-0.347058 -0.979126 0.420052 0.978573 
0.876631 -0.17831 -0.867897 0.125541 
-0.33327 0.0975551 0.265164 -0.163202 
-0.370974 -0.226462 0.323903 0.347007 
-0.917309 -0.287726 0.276879 0.929799 
0.144647 -0.930553 0.904669 -0.122718 
0.40309 -0.0296809 0.0200831 -0.379501 
-0.550351 -0.903774 0.917659 0.596283 
0.731186 -0.42698 0.396862 -0.707408 
-0.694576 0.0961862 0.634332 -0.120365 
-0.470123 0.301365 0.550283 -0.318619 
-0.544562 -0.948645 0.542965 0.94021 
-0.514362 -0.722616 -0.676011 0.513853 
-0.569165 0.583626 0.632182 0.580687 
-0.641469 0.370414 0.378622 0.631473 
0.19167 -0.664507 0.187053 0.59929 
0.571908 -0.676621 0.585788 0.720408 
0.797611 0.317197 0.788583 -0.34909 
-0.236076 0.520197 -0.168183 0.558521 
0.895543 0.659291 0.900322 0.631568 
0.377189 -0.542892 0.401416 -0.537751 
-0.34273 0.989222 0.998006 0.312985 
-0.795333 -0.146175 -0.0630381 0.824628 
0.499982 0.0085499 0.0033081 -0.471199 
0.00625674 -0.661657 0.668901 -0.0195495 
-0.607661 -0.703012 0.694834 0.672554 
0.794172 -0.260736 0.264154 -0.739789 
-0.318833 -0.539967 -0.513753 0.313037 
-0.937788 0.461699 0.575575 0.931856 
0.137476 0.703754 0.636216 -0.183445 
-0.324659 0.483525 0.463511 0.360218 
0.092262 -0.875119 -0.884707 -0.0516965 
-0.94132 0.0192302 0.0495126 0.931434 
-0.0272435 0.12679 0.0169152 -0.137268 
-0.166884 -0.922643 -0.145159 0.90744 
0.9856 -0.364218 0.989264 0.397128 
-0.348803 -0.277494 0.297246 0.258275 
-0.215732 0.859525 0.242281 -0.86769 
-0.912028 -0.429202 0.92355 0.424744 
-0.208071 0.975795 -0.967256 -0.281324 
-0.187467 0.213144 -0.250701 -0.0975889 
-0.959981 -0.0489304 0.0395535 -0.954638 
-0.906409 0.433937 0.905711 0.400525 
0.093416 -0.775434 -0.0966777 -0.803675 
-0.411942 -0.458695 0.412724 -0.440097 
-0.312701 -0.792692 -0.786727 -0.37753 
0.949742 -0.0401515 -0.0598433 0.925574 
-0.0144076 0.608299 0.614394 0.0279878 
-0.0639627 -0.00932702 -0.0692837 0.0202287 
-0.121915 -0.931469 -0.0999308 0.934184 
0.990477 -0.363701 0.992579 0.356218 
0.803564 0.696914 -0.746362 -0.773067 
-0.172879 -0.257217 0.222065 0.233519 
0.569559 -0.669441 0.6274 -0.589776 
-0.904772 -0.0962044 -0.0559984 0.932739 
0.266731 -0.982666 -0.965306 -0.254842 
-0.332028 0.15847 0.255046 0.255056 
0.545962 -0.695075 -0.442094 0.70096 
-0.83341 -0.676266 0.88854 0.672742 
-0.0857516 0.243997 0.122673 -0.236799 
-0.27439 -0.741282 -0.226499 0.741515 
-0.327556 -0.267385 -0.338304 0.324288 
0.904111 -0.615635 0.913372 0.587361 
0.457241 -0.0157223 -0.0311741 -0.433402 
0.874478 0.00714684 -0.0943889 -0.88644 
-0.161924 0.999851 0.995047 0.162443 
-0.06237 -0.198077 -0.212176 -0.0616842 
0.574303 -0.643445 -0.587239 0.620947 
0.816264 0.739421 0.781109 0.781422 
-0.431412 -0.24041 0.494474 0.220786 
0.340023 -0.828614 -0.262707 0.863071 
-0.835624 -0.505571 0.828541 0.45427 
-0.392974 -0.0881722 0.0649419 -0.387184 
0.882982 -0.0251595 0.130889 0.906739 
0.256736 -0.995787 0.989268 0.167074 
0.662057 0.386695 -0.617096 -0.38417 
-0.72501 -0.240528 0.75262 0.295809 
-0.189844 0.890288 0.229687 -0.874591 
0.0914008 0.185574 -0.10494 -0.111231 
-0.423197 0.781164 0.396087 -0.783625 
-0.901416 -0.596108 0.912197 0.611195 
0.666054 0.818966 0.697041 0.862287 
-0.273328 0.353346 -0.282421 0.343589 
0.69402 -0.452153 0.659069 -0.372031 
0.184025 0.590322 0.154212 0.581842 
0.0102734 -0.801046 -0.0733378 -0.805602 
0.982868 0.0992225 0.985312 0.111651 
0.139869 0.498089 -0.211028 -0.549302 
0.21161 0.861978 -0.244436 -0.833154 
-0.967294 0.0943436 0.946424 -0.0641912 
-0.338619 -0.248115 0.269526 0.271265 
0.174609 -0.878379 -0.217381 0.875118 
-0.92458 -0.408521 0.938137 0.40073 
0.270527 0.757062 0.3042 -0.703791 
0.224955 -0.559072 0.179059 0.592416 
0.936061 -0.338077 0.935628 0.392073 
-0.444341 0.175752 -0.189306 0.383547 
-0.720767 0.267902 -0.257516 0.741022 
-0.53203 -0.94728 0.947549 0.55116 
-0.134163 0.764722 -0.21362 -0.743542 
0.140864 0.59729 0.0437971 -0.655558 
0.980896 -0.241756 0.975935 0.131868 
0.800399 0.588408 -0.766946 -0.572186 
-0.144631 0.798151 0.117856 -0.809067 
-0.581759 0.129348 0.630796 -0.134216 
-0.434649 0.920242 -0.908779 -0.524506 
0.16828 0.34684 -0.369662 0.15048 
-0.884738 -0.181264 0.193573 -0.838003 
-0.932398 -0.0846336 -0.0736271 0.929692 
0.140807 -0.804759 -0.81652 -0.17263 
-0.332879 0.587538 0.572602 0.32538 
0.892408 -0.0432209 -0.0784928 0.901298 
0.0993225 -0.406007 -0.372863 0.135993 
0.440162 0.912847 0.92456 0.411299 
-0.539858 0.683319 0.70412 0.589213 
0.237366 0.729947 0.705735 -0.132538 
0.807595 -0.0158934 0.0784411 -0.797033 
-0.640676 -0.49958 0.507813 0.607053 
-0.72639 0.318658 -0.295688 0.764137 
-0.248779 -0.805529 0.809132 0.218129 
-0.802567 -0.523214 0.464226 0.81264 
0.53004 0.238729 -0.212465 -0.518584 
0.273758 -0.81808 0.859856 -0.265871 
-0.631492 0.144329 0.626211 -0.0864558 
-0.775378 -0.362923 0.779439 0.4227 
-0.00259817 0.920574 0.0183017 -0.902136 
-0.543312 -0.429634 0.425631 0.604586 
-0.82799 -0.0915828 0.0836129 0.793282 
0.138727 -0.898347 0.901026 -0.0719625 
-0.726979 0.651721 0.66151 0.711336 
0.0410708 0.724778 0.709693 -0.0591754 
0.685431 0.223511 0.242363 -0.700357 
0.650927 -0.565837 -0.663339 0.511746 
-0.536108 -0.344753 0.529053 0.342803 
-0.537478 -0.748981 0.52923 0.787783 
0.029496 0.624578 -0.663646 -0.0116115 
0.874196 0.482735 -0.530051 -0.902498 
0.484676 -0.613896 0.527844 -0.430538 
-0.00196856 -0.614788 -0.0280966 -0.671042 
0.0043565 -0.77226 -0.0867312 -0.719663 
-0.999989 0.160156 0.995835 0.17829 
0.244364 0.947992 0.207928 0.969292 
0.969062 -0.037563 0.97754 0.066909 
-0.0347094 -0.316071 0.0343589 -0.236636 
0.223319 -0.976053 -0.302457 -0.986691 
0.356153 0.203816 -0.268914 0.162543 
-0.90735 0.076022 0.914443 0.00448135 
-0.489328 -0.593871 -0.49288 -0.564082 
0.849852 0.218633 0.827788 0.233261 
0.195728 -0.774285 0.268022 -0.792087 
-0.0512886 0.939116 0.0685826 -0.94383 
-0.277077 -0.216845 0.323136 0.16492 
-0.959478 -0.266534 0.943864 0.286331 
0.61941 0.197285 -0.566775 0.201065 
-0.734401 0.70975 0.773407 0.724158 
-0.277465 -0.676265 0.283915 -0.659672 
-0.407491 -0.660989 0.626259 -0.397086 
-0.369546 -0.239196 0.273844 -0.377095 
0.835097 -0.711251 0.729938 0.836733 
0.929666 -0.0488848 0.933464 -0.0257592 
-0.347134 -0.944634 -0.326438 -0.972292 
0.123362 -0.324463 0.148606 -0.232347 
0.0384581 -0.618122 -0.591983 0.163158 
-0.170593 -0.762971 -0.770313 -0.161937 
0.984591 0.189208 0.237011 0.973219 
-0.750619 -0.692837 0.691623 0.766486 
-0.311637 -0.323482 0.33456 0.287705 
0.582627 -0.644466 0.640099 -0.574216 
-0.661855 -0.115778 0.145192 -0.653032 
-0.684166 0.0476999 -0.107482 -0.702558 
0.306373 -0.992129 0.983548 0.282774 
0.301706 -0.523702 -0.358097 0.471995 
0.871292 0.700281 -0.83106 -0.751145 
-0.38707 0.485121 0.425566 -0.461521 
-0.994484 -0.322883 0.368233 0.991918 
0.0312401 -0.0982615 0.124503 -0.069543 
0.100125 -0.941324 0.92136 -0.106125 
-0.331903 0.477936 -0.359625 -0.560975 
-0.0660813 -0.876084 -0.0458114 0.821571 
0.940996 -0.0636662 0.931972 0.101629 
-0.253359 0.00160632 0.0311288 0.156437 
-0.955112 0.0416353 0.0687538 0.969666 
-0.153523 0.999132 0.997148 0.187817 
-0.561627 -0.616719 0.595776 -0.57593 
-0.0913453 -0.23472 0.0968115 -0.233751 
-0.822332 0.751375 0.797294 0.783368 
-0.531041 -0.0113654 0.0258891 0.575503 
0.38559 0.982215 -0.987669 -0.36163 
0.75453 -0.187414 0.154399 -0.733498 
0.197014 0.128603 0.16083 -0.184451 
0.0330987 0.935597 0.889382 -0.143479 
-0.979842 0.328816 0.42794 0.972313 
-0.129134 0.987649 0.207985 0.992282 
-0.364947 -0.115615 0.375758 -0.0826411 
-0.922029 0.10575 0.903077 0.0924534 
0.871331 0.65081 0.653756 0.840151 
0.440703 -0.165608 -0.132583 0.444509 
-0.215785 0.740959 0.745 -0.310738 
0.353086 -0.965034 0.304953 0.961219 
0.90741 0.0314826 0.92808 0.0262506 
0.227897 0.260229 0.213709 -0.274535 
0.621654 -0.340318 0.348607 0.585387 
0.0908108 0.926582 -0.917533 0.10789 
0.77801 -0.160093 0.19133 0.803543 
-0.248025 0.218066 0.318084 -0.191156 
-0.0575743 0.911326 0.0976673 -0.882211 
-0.967041 -0.349187 0.943018 0.430305 
-0.0840809 -0.0917429 0.134197 -0.175423 
0.992792 -0.224135 -0.986871 -0.198301 
-0.0854055 0.97023 0.0898703 0.964315 
0.878183 0.0379346 0.0576441 0.897963 
-0.432248 0.0454314 -0.0794552 -0.403409 
0.204832 -0.998247 0.99517 0.175853 
-0.468291 0.502299 0.496859 -0.498532 
0.881277 0.543855 -0.867047 -0.610387 
-0.0636704 0.672248 0.0369015 -0.615543 
0.195097 -0.0236888 0.277824 -0.263539 
-0.96611 0.0130965 0.637793 0.902946 
0.16902 0.999634 0.718355 -0.339465 
-0.455493 0.528373 -0.488513 0.392297 
0.889841 0.498609 -0.521351 -0.918928 
-0.0266363 -0.687176 0.699677 -0.0409094 
0.890187 0.668991 -0.841938 -0.739085 
-0.361128 0.550197 0.414058 -0.521254 
-0.277767 0.499734 0.345971 -0.42667 
0.77689 -0.608638 -0.610942 -0.808463 
-0.144047 0.502929 0.522402 0.185836 
0.612938 0.613695 0.594849 -0.558438 
0.182298 -0.4147 0.391834 0.147747 
-0.0615344 -0.903432 0.89476 -0.0121622 
0.981316 -0.108785 0.214176 0.98895 
0.9409 0.0533559 -0.00359921 0.961192 
0.28823 -0.998563 0.993042 0.250387 
0.177852 0.0050283 0.117703 0.11583 
-0.260886 -0.145358 -0.187808 -0.189138 
0.959712 0.0621699 0.115791 0.975411 
0.104364 0.987424 0.975357 0.113142 
-0.847429 0.126911 -0.0669574 0.837496 
0.41147 -0.0335918 -0.0657374 -0.465913 
-0.335493 -0.991345 0.995588 0.285527 
0.119244 -0.971288 -0.199649 -0.979039 
0.273589 -0.22997 -0.259709 -0.203368 
-0.954426 0.0609364 0.944824 0.0111544 
0.185928 0.580016 0.164265 -0.580301 
-0.486964 -0.552287 -0.413426 0.513223 
0.853403 -0.598799 0.895598 0.632339 
0.440656 0.963118 -0.442845 -0.960733 
0.740958 -0.267343 -0.754088 0.267768 
-0.506758 -0.0305067 0.485015 0.0727475 
-0.765103 0.416924 0.37023 -0.786456 
-0.19278 -0.617763 -0.593743 -0.243119 
0.614373 0.66674 0.714422 0.567786 
-0.763295 -0.768693 -0.798063 -0.776553 
-0.54725 0.586411 0.54434 -0.457239 
-0.343363 0.255407 0.258438 -0.433472 
0.685306 0.420426 -0.688439 0.361698 
-0.125694 0.718676 0.176288 0.767303 
-0.717326 0.553847 0.703544 0.529547 
-0.77919 -0.755989 -0.81616 -0.76123 
0.616638 -0.607901 0.56354 -0.575451 
0.112344 -0.242769 0.127693 -0.298975 
-0.680976 -0.659965 0.710473 0.602328 
0.138152 -0.74209 -0.0848972 0.784647 
-0.719156 0.117254 0.698585 -0.146731 
0.574503 -0.0151684 -0.508641 -0.0219305 
-0.756978 -0.201413 0.776937 -0.153026 
-0.311336 0.979389 0.371016 0.987979 
-0.796892 -0.228165 -0.771458 0.292724 
-0.310033 0.933952 -0.387556 -0.922395 
0.5185 -0.275089 0.504632 0.251992 
-0.904547 0.00744136 -0.00958815 -0.937804 
-0.292021 -0.0689495 0.044224 -0.229763 
0.310673 -0.997592 0.998976 0.260255 
0.115291 0.537258 0.101218 0.574543 
0.195132 0.831995 0.155158 0.814982 
0.973977 0.138338 0.982691 0.075521 
0.244342 0.580159 -0.23363 0.611 
-0.386743 -0.443787 0.370155 -0.467285 
-0.889228 0.682984 0.899112 0.639002 
0.674482 -0.785337 0.65747 0.799496 
0.674822 0.520459 0.707084 -0.499942 
0.299481 -0.335214 0.260316 0.332963 
0.000183148 -0.863856 -0.0951063 -0.892069 
0.00129864 -0.44745 0.0260514 -0.412019 
-0.999999 0.231391 0.995126 0.185616 
0.13819 0.677966 0.0292286 -0.647103 
-0.415662 -0.52536 -0.337216 0.574611 
0.89896 -0.514158 0.940973 0.501078 
0.00492815 -0.981348 -0.151348 -0.985677 
0.0526325 -0.0289159 0.109007 -0.114028 
-0.998602 0.190053 0.982452 0.12425 
-0.2098 -0.652459 -0.615602 0.153232 
0.940759 -0.063812 -0.0838999 -0.923444 
-0.266376 0.755132 0.783578 0.351812 
0.024644 -0.790124 -0.724842 0.132632 
-0.0745766 0.523063 0.533303 -0.137151 
0.996911 0.319544 0.436111 0.98163 
0.113288 -0.210467 -0.228246 0.0669634 
0.961222 0.477355 0.44516 0.980021 
-0.25143 0.853133 0.865873 -0.187283 
-0.831603 0.188217 0.774067 -0.194029 
0.462114 0.278512 -0.562892 -0.236498 
-0.308037 -0.94181 0.289779 0.952062 
0.85444 0.157772 0.098349 -0.846115 
0.357668 -0.0502138 -0.00815262 -0.410184 
-0.376837 0.986198 0.995119 0.340351 
-0.803567 0.418117 -0.362155 0.805006 
0.150996 0.029929 -0.0597193 -0.0955878 
-0.575743 -0.9079 0.930203 0.585515 
-0.632584 -0.44904 0.466556 -0.623158 
-0.323841 -0.207167 0.24189 -0.286976 
0.703537 -0.869163 0.850773 0.727543 
-0.629204 0.240561 0.288032 -0.603175 
-0.724231 -0.195027 -0.223791 -0.744739 
0.282119 0.950839 0.931104 0.28556 
-0.947392 -0.264113 0.952266 0.311586 
-0.241953 -0.481043 0.233799 0.510669 
-0.209538 0.835968 0.196283 -0.801331 
-0.0670999 -0.319603 -0.296917 0.00731585 
-0.97354 -0.0823137 -0.0643585 0.941288 
-0.218445 0.943969 0.952732 0.337525 
0.124052 -0.417429 0.0630453 0.433453 
-0.168812 -0.817678 -0.120748 0.836353 
0.977811 -0.396428 0.990679 0.335608 
-0.229359 0.200199 0.233193 0.172805 
0.959209 -0.0330513 -0.0660711 -0.972031 
-0.165266 0.979198 0.970183 0.159041 
-0.611533 0.826721 -0.634056 -0.856621 
-0.660882 -0.0871883 -0.669826 0.137629 
0.435043 0.555816 0.386402 -0.497252 
0.995443 -0.283582 0.237096 0.995406 
-0.0932135 -0.170098 0.269135 -0.0826769 
0.0201128 -0.943742 0.933462 0.0482752 
-0.458196 -0.43865 0.479725 -0.439784 
-0.839612 0.702984 0.823924 0.750701 
-0.291733 -0.559821 0.301684 -0.492989 
0.795961 -0.288452 0.319744 0.804349 
0.320474 0.892946 -0.904209 0.175907 
0.513559 -0.345605 0.283143 0.567521 
-0.319839 0.361166 -0.372561 -0.326194 
-0.554229 -0.705948 0.638297 -0.57597 
0.768461 -0.609259 0.673628 0.74957 
0.993421 -0.161712 -0.151823 -0.988263 
0.00543769 -0.7602 -0.749848 -0.0144688 
-0.114393 0.629242 0.643955 0.152074 
0.530628 0.905598 -0.558605 -0.931981 
0.188322 0.0849688 -0.148379 -0.118964 
-0.826419 0.415538 0.816054 -0.34243 
-0.828932 -0.16481 0.827224 0.114973 
-0.210043 -0.986003 0.176325 0.993139 
-0.518414 0.0252018 0.533488 -0.0213783 
0.391326 0.0237924 0.117411 0.387618 
-0.850472 0.181163 0.184079 -0.841097 
0.351512 0.983165 0.975874 0.377238 
-0.0197854 -0.537442 -0.0016728 -0.513338 
-0.0140324 0.810171 -0.000201551 0.818447 
0.999706 0.23405 0.999999 0.258126 
-0.244502 -0.202478 0.187947 0.272199 
0.84102 0.691014 -0.671865 -0.829363 
0.482602 -0.693904 0.716431 -0.487918 
0.280826 -0.130184 0.16385 0.273056 
-0.132781 -0.917472 0.92065 -0.134109 
0.950529 -0.375895 0.354341 0.952604 
0.0851954 0.155274 0.0164204 0.0308076 
-0.988863 0.16236 0.990865 0.126761 
-0.122034 0.974438 0.133854 0.991455 
-0.0110231 -0.963969 0.0350529 0.964803 
-0.774804 -0.265832 0.753636 0.259029 
-0.632105 -0.00986029 0.656357 0.0453818 
0.120265 0.961925 0.187625 0.970095 
-0.3619 0.165628 -0.354831 0.186021 
0.924427 0.217413 0.91591 0.155922 
0.707088 0.221818 0.169618 -0.740149 
0.441037 0.246197 0.235625 -0.438651 
-0.552732 0.943496 0.956928 0.509671 
-0.204886 0.650314 0.191286 -0.592065 
0.149712 -0.604074 -0.170112 0.634709 
-0.967268 -0.460637 0.966681 0.496591 
0.713167 -0.497598 -0.455862 0.739343 
0.394756 0.36948 0.368139 0.34248 
0.579276 0.784781 0.810348 0.579723 
0.0452169 -0.733796 0.708643 -0.0537054 
-0.605047 -0.667888 0.691716 0.591056 
0.794904 -0.124372 0.139116 -0.804841 
-0.561797 -0.558976 -0.57597 -0.51082 
0.70479 -0.513048 -0.478937 0.721177 
0.433191 0.651405 0.662479 0.46794 
-0.811671 -0.25241 0.777207 -0.305522 
-0.367528 0.00605828 0.340869 -0.021217 
-0.453997 0.967601 0.528921 0.951948 
0.88793 -0.270806 -0.236865 -0.879286 
0.0150107 0.948224 0.959183 -0.0239111 
-0.459733 0.16594 0.154473 0.475693 
-0.813854 -0.187538 -0.143111 -0.8263 
-0.544613 0.08915 0.157186 -0.515554 
0.20258 0.978203 0.977145 0.226787 
-0.810566 -0.046992 0.0186464 0.81057 
-0.575011 -0.0271579 -0.00372433 0.531596 
-0.11111 -0.998526 0.999819 0.245729 
-0.939555 0.480012 0.394394 0.958918 
-0.0727182 -0.836183 -0.844642 0.0200569 
0.334588 0.265307 0.361985 -0.282972 
-0.460022 0.427937 -0.393577 -0.492209 
-0.00585323 0.903798 -0.919187 -0.0577502 
0.887888 -0.00439653 0.0138314 0.868559 
0.0253695 -0.712352 0.691478 0.0620625 
0.00509233 -0.669075 0.689768 0.002405 
0.999665 -0.211881 0.21466 0.998069 
-0.34272 -0.362925 -0.298238 -0.347484 
-0.0628216 0.891122 -0.0481124 0.914114 
0.937335 0.272371 0.953278 0.208928 
-0.975747 0.0433819 0.937554 0.00145347 
-0.114184 0.996056 0.256221 0.999985 
-0.18676 0.0774033 0.235251 0.00526628 
0.599792 -0.606628 0.652875 -0.548472 
0.707592 0.759549 0.653451 0.798395 
0.373582 0.234707 0.383087 0.248483 
0.661536 -0.438983 -0.692345 -0.467474 
-0.488926 -0.743436 0.449391 -0.744009 
-0.568614 0.504576 0.564541 0.477408 
0.758193 0.724884 0.701488 0.812033 
0.291768 0.173794 0.168089 0.27402 
-0.583108 0.666587 0.692575 -0.515282 
-0.324483 -0.974208 0.96971 0.27115 
-0.920897 -0.0286798 0.0529443 0.935855 
0.216009 -0.223821 0.238451 -0.225061 
0.879574 0.606086 0.58049 0.889765 
0.0123275 -0.530597 -0.558987 -0.0219081 
-0.475603 0.59256 0.592084 -0.455893 
0.954892 0.00374251 -0.165013 -0.967947 
0.273855 -0.00526622 -0.133884 -0.24169 
-0.114823 -0.999979 0.977162 0.0682961 
-0.564425 -0.536693 0.545673 0.554428 
0.267409 0.763802 -0.802878 -0.187954 
0.780972 -0.358563 0.240058 -0.81073 
-0.352384 -0.656364 0.284403 0.644484 
-0.874764 0.244866 0.883168 -0.223331 
-0.332586 -0.713601 0.372999 0.731275 
0.150455 -0.744323 0.108513 -0.751283 
-0.917032 -0.0692931 -0.912949 -0.09114 
0.369346 0.664216 0.393382 0.653657 
-0.814733 -0.597002 -0.796847 -0.734095 
-0.185299 0.678031 -0.235211 0.589611 
0.549431 -0.428793 0.556516 -0.336844 
0.43994 0.40767 -0.292818 -0.499849 
0.88274 -0.119634 0.0987281 -0.84136 
-0.164994 -0.905258 0.951057 0.205581 
-0.0279162 0.465349 0.010407 -0.463171 
0.0412037 -0.851539 -0.00887319 0.843771 
-0.998761 -0.241517 0.999906 0.271152 
0.189078 -0.759066 0.752867 0.17423 
-0.750614 0.488646 -0.522975 -0.740257 
-0.63311 -0.430168 0.39961 -0.649356 
-0.107443 -0.882002 0.844561 -0.154523 
-0.903273 0.0882924 -0.18609 -0.879923 
0.415395 -0.4629 0.502082 0.449286 
-0.615493 0.480949 -0.488014 -0.611485 
-0.678472 -0.524746 0.50308 -0.671686 
0.401053 -0.702375 0.71327 0.418239 
0.0209908 0.188954 0.124854 0.118728 
-0.0568312 -0.966507 -0.980878 -0.0983615 
0.998163 0.173668 0.1493 0.988043 
0.941218 -0.030201 -0.0601378 -0.948065 
-0.337791 0.670276 0.675944 0.317592 
0.0025004 0.741497 0.734495 -0.0175225 
-0.212321 0.0264562 -0.995286 -0.166192 
0.926921 0.0553032 0.079814 0.912752 
0.309414 -0.998119 0.0550938 0.37318 
-0.132414 -0.806762 -0.178832 0.802233 
0.461963 -0.576651 0.476651 0.578646 
0.876959 -0.128876 0.860711 0.146939 
0.428936 -0.449519 0.51871 0.405074 
-0.479491 -0.756986 0.668764 -0.523928 
0.765573 -0.474241 0.532631 0.749276 
0.174748 -0.547483 -0.468219 0.247133 
-0.737696 0.224179 0.107382 -0.813389 
0.652125 0.806229 0.877063 0.526615 
-0.598245 -0.520381 -0.632783 -0.545938 
0.0135712 -0.839275 0.0309475 -0.834129 
0.801199 -0.157548 0.773711 -0.0786171 
-0.925573 -0.608824 -0.603614 -0.925015 
-0.138781 0.293794 0.264525 -0.178013 
-0.352213 0.736898 0.752115 -0.335646 
0.645618 -0.598877 0.593328 -0.623237 
-0.262449 -0.289932 0.247076 0.279541 
-0.717146 -0.746516 0.766104 0.730364 
-0.686301 0.0163726 0.0145815 0.685628 
0.664862 -0.726281 -0.657195 -0.679136 
0.294872 0.687203 0.75358 -0.262086 
0.351077 -0.828065 0.838831 -0.27925 
-0.742054 -0.311101 0.25065 0.700108 
-0.571053 -0.466395 0.483256 0.657167 
0.187956 0.019059 -0.0549506 0.208431 
0.887174 0.55764 0.591245 0.917633 
-0.421421 0.829864 0.804618 -0.338389 
0.976487 -0.416301 0.372494 0.992816 
0.193066 0.867619 -0.873317 0.11148 
-0.0959074 -0.271901 0.313953 -0.0434514 
0.0871045 0.178155 0.143247 -0.0565109 
0.972322 -0.103971 -0.0537522 -0.974515 
-0.216801 0.978494 0.988226 0.217088 
-0.181648 0.221843 0.24349 0.218875 
-0.604903 -0.66462 -0.646878 0.568356 
-0.775304 0.713488 0.722677 0.793137 
-0.261256 -0.651203 0.736409 0.165709 
0.839545 -0.232456 0.177405 -0.878429 
-0.47635 -0.722426 0.652863 0.448221 
0.0050111 0.16206 -0.0701631 0.163697 
0.115024 0.97286 0.0914549 0.969414 
0.99335 0.165166 0.993334 0.182866 
0.0957265 -0.227401 -0.128938 0.135661 
-0.385135 0.760007 0.363936 -0.782164 
-0.917882 -0.608833 0.922456 0.608125 
-0.601527 0.10717 -0.00147059 0.594304 
0.797915 0.302409 -0.290978 -0.803788 
-0.0386938 -0.947134 0.956728 0.0269752 
0.707406 0.80864 0.813702 0.725032 
0.524181 -0.585943 -0.580596 0.550195 
-0.474142 -0.0526608 0.028242 -0.414263 
0.210198 0.501413 0.00893225 -0.421011 
-0.838388 0.647273 -0.902652 -0.610625 
0.502913 0.574128 0.430278 -0.670736 
-0.0302787 0.593768 0.0446566 -0.547919 
0.228674 0.804533 -0.234435 -0.831571 
-0.973032 -0.0128994 0.971106 0.0909664 
0.0780667 -0.857787 -0.226701 0.823486 
-0.0689956 0.350328 0.0824679 -0.295688 
-0.994558 -0.376127 0.970467 0.484189 
-0.551553 -0.609734 0.517989 0.561939 
-0.781472 -0.177069 0.808836 0.233219 
-0.291705 0.772574 0.278338 -0.793621 
0.565014 -0.387278 0.346947 -0.628687 
0.631663 0.0436299 0.0619032 -0.5535 
-0.530812 -0.92093 0.93584 0.546251 
0.602511 -0.411045 -0.424312 0.649259 
0.167902 -0.439913 -0.463191 0.110527 
0.78025 0.798448 0.778083 0.752494 
0.932225 0.144874 0.923287 -0.127879 
0.235449 -0.845719 0.294459 0.845006 
0.274811 -0.513586 0.246646 0.519242 
0.973312 -0.203203 -0.110296 -0.972309 
0.104116 0.599958 0.601371 -0.0487104 
-0.204507 0.773795 0.79132 0.228567 
-0.346382 -0.117344 0.396918 0.10614 
0.218838 -0.887024 -0.22675 0.877656 
-0.912211 -0.446563 0.889405 0.46739 
-0.87 0.194806 0.196301 -0.864291 
0.190761 -0.0976618 -0.115229 0.196017 
0.454653 0.975968 0.973749 0.463227 
-0.0483191 0.315007 -0.307963 -0.0705118 
0.910974 0.215954 -0.158248 0.91097 
0.409624 -0.924194 0.938145 0.406401 
0.131898 -0.790505 0.0135997 -0.791584 
0.991263 -0.163297 -0.999681 -0.257887 
-0.00117606 0.590284 0.0212639 0.553975 
0.0855764 -0.00685294 0.00164455 -0.0684909 
-0.954832 0.0667839 -0.00199537 0.962946 
-0.284558 -0.997744 0.999997 0.260854 
0.585068 0.0555639 0.0190822 -0.537524 
-0.809936 -0.210869 0.303955 0.843141 
-0.041211 -0.975934 0.952495 0.0134374 
-0.135827 -0.144425 0.137053 0.0744192 
-0.958648 0.0131445 -0.0936415 0.937076 
-0.250091 -0.989428 0.986128 0.341101 
-0.0352056 0.670213 0.0612912 0.681468 
0.414512 -0.738007 -0.402326 -0.727165 
-0.909363 -0.0784848 0.913442 -0.0826617 
0.0416773 0.235205 0.274284 0.0168561 
-0.879592 -0.241049 -0.204669 0.885933 
-0.4739 0.941581 0.939617 0.463507 
-0.793953 -0.727785 0.698315 0.760628 
-0.571265 0.219269 -0.228765 0.62002 
0.208073 -0.649807 0.67825 -0.192407 
0.217175 0.376409 -0.204351 -0.359921 
0.684536 0.774669 -0.664757 -0.799149 
-0.695878 0.508138 0.718567 -0.481473 
0.940894 0.183276 0.917955 -0.145556 
0.335511 -0.96958 0.385159 0.957803 
0.0463798 -0.162248 0.0949233 0.247845 
-0.357344 -0.292459 -0.408287 0.346253 
0.534375 0.481378 0.465985 -0.489417 
0.765995 -0.826283 0.784958 0.800362 
-0.872856 0.0289289 -0.842409 0.138673 
-0.351406 -0.998711 -0.417645 -0.984786 
0.33858 -0.0417069 0.340469 -0.104716 
