0.386835 0.613165 
0.127854 0.872146 
0.114344 0.885656 
0.628294 0.371706 
0.911125 0.0888748 
0.506439 0.493561 
0.843928 0.156072 
0.918493 0.0815073 
0.139078 0.860922 
0.458732 0.541268 
0.120958 0.879042 
0.825314 0.174686 
0.0706294 0.929371 
0.810335 0.189665 
0.493698 0.506302 
0.502977 0.497023 
0.885885 0.114115 
0.898106 0.101894 
0.529314 0.470686 
0.536 0.464 
0.1741 0.8259 
0.462966 0.537034 
0.282187 0.717813 
0.237192 0.762808 
0.573733 0.426267 
0.407232 0.592768 
0.122421 0.877579 
0.577964 0.422036 
0.894399 0.105601 
0.611029 0.388971 
0.72462 0.27538 
0.873312 0.126688 
0.105672 0.894328 
0.908878 0.0911223 
0.879383 0.120617 
0.139911 0.860089 
0.510663 0.489337 
0.50115 0.49885 
0.596565 0.403435 
0.123642 0.876358 
0.244931 0.755069 
0.580774 0.419226 
0.142099 0.857901 
0.180476 0.819524 
0.698641 0.301359 
0.341065 0.658935 
0.307428 0.692572 
0.543948 0.456052 
0.667503 0.332497 
0.477023 0.522977 
0.758236 0.241764 
0.902843 0.0971569 
0.890873 0.109127 
0.477416 0.522584 
0.0972195 0.90278 
0.0965792 0.903421 
0.899686 0.100314 
0.146104 0.853896 
0.788185 0.211815 
0.733739 0.266261 
0.910074 0.0899263 
0.768039 0.231961 
0.784868 0.215132 
0.812827 0.187173 
0.733859 0.266141 
0.741765 0.258235 
0.276299 0.723701 
0.866114 0.133886 
0.686058 0.313942 
0.367788 0.632212 
0.345475 0.654525 
0.527483 0.472517 
0.109168 0.890832 
0.568517 0.431483 
0.52013 0.47987 
0.093766 0.906234 
0.805282 0.194718 
0.871727 0.128273 
0.193285 0.806715 
0.658386 0.341614 
0.0841965 0.915804 
0.232164 0.767836 
0.215349 0.784651 
0.567426 0.432574 
0.604177 0.395823 
0.135307 0.864693 
0.861615 0.138385 
0.314765 0.685235 
0.499707 0.500293 
0.0856878 0.914312 
0.122842 0.877158 
0.812035 0.187965 
0.187051 0.812949 
0.662062 0.337938 
0.458269 0.541731 
0.729339 0.270661 
0.487851 0.512149 
0.107622 0.892378 
0.886032 0.113968 
0.889369 0.110631 
0.40989 0.59011 
0.469739 0.530261 
0.3758 0.6242 
0.762084 0.237916 
0.109103 0.890897 
0.189762 0.810238 
0.452274 0.547726 
0.525768 0.474232 
0.856829 0.143171 
0.298903 0.701097 
0.599847 0.400153 
0.464596 0.535404 
0.112102 0.887898 
0.525684 0.474316 
0.688507 0.311493 
0.800267 0.199733 
0.883204 0.116796 
0.144772 0.855228 
0.183713 0.816287 
0.378298 0.621702 
0.705554 0.294446 
0.927203 0.0727973 
0.490791 0.509209 
0.348791 0.651209 
0.832343 0.167657 
0.493522 0.506478 
0.896062 0.103938 
0.494672 0.505328 
0.657868 0.342132 
0.155699 0.844301 
0.440237 0.559763 
0.532129 0.467871 
0.902863 0.0971366 
0.0957004 0.9043 
0.475738 0.524262 
0.0879293 0.912071 
0.723055 0.276945 
0.901161 0.0988386 
0.0840059 0.915994 
0.445782 0.554218 
0.198865 0.801135 
0.104309 0.895691 
0.134771 0.865229 
0.261245 0.738755 
0.312855 0.687145 
0.245173 0.754827 
0.871661 0.128339 
0.327138 0.672862 
0.114766 0.885234 
0.780588 0.219412 
0.405169 0.594831 
0.554459 0.445541 
0.598826 0.401174 
0.41036 0.58964 
0.102014 0.897986 
0.116361 0.883639 
0.267863 0.732137 
0.524093 0.475907 
0.800513 0.199487 
0.626149 0.373851 
0.517559 0.482441 
0.429588 0.570412 
0.597553 0.402447 
0.903832 0.0961679 
0.1156 0.8844 
0.356049 0.643951 
0.511058 0.488942 
0.141744 0.858256 
0.629705 0.370295 
0.475638 0.524362 
0.106816 0.893184 
0.514281 0.485719 
0.446562 0.553438 
0.919781 0.0802192 
0.567123 0.432877 
0.441974 0.558026 
0.69517 0.30483 
0.386428 0.613572 
0.588918 0.411082 
0.701353 0.298647 
0.564621 0.435379 
0.138204 0.861796 
0.093918 0.906082 
0.328091 0.671909 
0.416972 0.583028 
0.737414 0.262586 
0.910153 0.0898475 
0.68251 0.31749 
0.311187 0.688813 
0.456441 0.543559 
0.889375 0.110625 
0.830903 0.169097 
0.466581 0.533419 
0.449336 0.550664 
0.929116 0.070884 
0.230482 0.769518 
0.248481 0.751519 
0.599427 0.400573 
0.49963 0.50037 
0.281231 0.718769 
