0.578001 0.421999 
0.541013 0.458987 
0.583278 0.416722 
0.487096 0.512904 
0.584744 0.415256 
0.561276 0.438724 
0.545319 0.454681 
0.59717 0.40283 
0.21773 0.78227 
0.12907 0.87093 
0.561363 0.438637 
0.202417 0.797583 
0.609094 0.390906 
0.80597 0.19403 
0.568697 0.431303 
0.582831 0.417169 
0.279987 0.720013 
0.42673 0.57327 
0.550445 0.449555 
0.180826 0.819174 
0.595458 0.404542 
0.551147 0.448853 
0.543681 0.456319 
0.779608 0.220392 
0.617819 0.382181 
0.4436 0.5564 
0.531052 0.468948 
0.447943 0.552057 
0.816765 0.183235 
0.643236 0.356764 
0.313232 0.686768 
0.449547 0.550453 
0.224427 0.775573 
0.461467 0.538533 
0.471137 0.528863 
0.425912 0.574088 
0.215841 0.784159 
0.467149 0.532851 
0.450719 0.549281 
0.362723 0.637277 
0.677829 0.322171 
0.433368 0.566632 
0.840877 0.159123 
0.52445 0.47555 
0.541458 0.458542 
0.819347 0.180653 
0.399384 0.600616 
0.597755 0.402245 
0.589182 0.410818 
0.452895 0.547105 
0.609933 0.390067 
0.497119 0.502881 
0.581721 0.418279 
0.399735 0.600265 
0.62215 0.37785 
0.477843 0.522157 
0.416314 0.583686 
0.221791 0.778209 
0.392567 0.607433 
0.537364 0.462636 
0.423909 0.576091 
0.513722 0.486278 
0.563712 0.436288 
0.512246 0.487754 
0.514999 0.485001 
0.49929 0.50071 
0.837064 0.162936 
0.484247 0.515753 
0.393875 0.606125 
0.378684 0.621316 
0.631367 0.368633 
0.82301 0.17699 
0.528119 0.471881 
0.625148 0.374852 
0.209788 0.790212 
0.551107 0.448893 
0.526471 0.473529 
0.164947 0.835053 
0.829183 0.170817 
0.697615 0.302385 
0.423018 0.576982 
0.548479 0.451521 
0.515182 0.484818 
0.459498 0.540502 
0.18908 0.81092 
0.791329 0.208671 
0.368194 0.631806 
0.247232 0.752768 
0.264387 0.735613 
0.396426 0.603574 
0.832237 0.167763 
0.155064 0.844936 
0.243223 0.756777 
0.521504 0.478496 
0.393436 0.606564 
0.205865 0.794135 
0.383422 0.616578 
0.470459 0.529541 
0.579646 0.420354 
0.510871 0.489129 
0.542374 0.457626 
0.437535 0.562465 
0.589651 0.410349 
0.50148 0.49852 
0.395068 0.604932 
0.416498 0.583502 
0.222555 0.777445 
0.432656 0.567344 
0.625974 0.374026 
0.824496 0.175504 
0.533004 0.466996 
0.476562 0.523438 
0.39422 0.60578 
0.174303 0.825697 
0.441518 0.558482 
0.49047 0.50953 
0.820462 0.179538 
0.474364 0.525636 
0.433714 0.566286 
0.395181 0.604819 
0.465602 0.534398 
0.453156 0.546844 
0.501445 0.498555 
0.757728 0.242272 
0.448182 0.551818 
0.193021 0.806979 
0.487841 0.512159 
0.215596 0.784404 
0.506874 0.493126 
0.612903 0.387097 
0.58627 0.41373 
0.340379 0.659621 
0.457887 0.542113 
0.483243 0.516757 
0.487815 0.512185 
0.724503 0.275497 
0.58219 0.41781 
0.772101 0.227899 
0.502068 0.497932 
0.442745 0.557255 
0.169713 0.830287 
0.552335 0.447665 
0.770554 0.229446 
0.60936 0.39064 
0.612012 0.387988 
0.713279 0.286721 
0.480568 0.519432 
0.532933 0.467067 
0.638115 0.361885 
0.44124 0.55876 
0.514273 0.485727 
0.480789 0.519211 
0.545205 0.454795 
0.846157 0.153843 
0.540703 0.459297 
0.413711 0.586289 
0.472802 0.527198 
0.826291 0.173709 
0.611563 0.388437 
0.543875 0.456125 
0.434693 0.565307 
0.599032 0.400968 
0.535828 0.464172 
0.546168 0.453832 
0.564638 0.435362 
0.456244 0.543756 
0.438942 0.561058 
0.502598 0.497402 
0.178421 0.821579 
0.469737 0.530263 
0.624379 0.375621 
0.626376 0.373624 
0.797755 0.202245 
0.333295 0.666705 
0.402104 0.597896 
0.419285 0.580715 
0.430518 0.569482 
0.636783 0.363217 
0.28261 0.71739 
0.53071 0.46929 
0.425548 0.574452 
0.190757 0.809243 
0.761353 0.238647 
0.53315 0.46685 
0.535259 0.464741 
0.757953 0.242047 
0.371856 0.628144 
0.645431 0.354569 
0.539973 0.460027 
0.481395 0.518605 
0.250829 0.749171 
0.585604 0.414396 
0.498861 0.501139 
0.306284 0.693716 
0.451407 0.548593 
0.461286 0.538714 
0.181405 0.818595 
0.410084 0.589916 
0.730697 0.269303 
0.518336 0.481664 
