-0.848035 -0.756723 -0.875548 -0.753473 
-0.26848 0.648564 -0.261245 0.656827 
0.456898 0.08207 0.406408 0.0292575 
-0.62373 0.436332 -0.373149 0.561965 
0.367846 -0.0493993 0.0110815 -0.305564 
-0.689674 -0.898429 0.927705 0.768652 
0.847645 -0.740559 0.764902 0.873959 
-0.469028 -0.0760751 0.0560399 -0.430806 
-0.248013 -0.667671 0.641704 -0.224949 
0.317375 -0.624569 -0.638013 0.329347 
-0.456237 -0.575532 -0.489245 -0.429474 
0.831337 0.527898 0.594625 0.840882 
-0.600193 0.428509 -0.637653 0.323056 
0.117756 0.31286 0.118897 0.374583 
0.79114 0.847643 0.761093 0.869093 
-0.820939 -0.00738387 0.493801 0.870905 
-0.555074 0.587825 0.738197 0.324527 
0.133984 0.808954 0.459593 -0.369063 
-0.153977 0.770429 -0.847726 -0.00903217 
0.74048 0.315896 -0.251877 -0.768137 
-0.654202 -0.553758 0.466819 0.640222 
-0.3896 0.317778 -0.392892 -0.32627 
-0.42837 -0.637525 -0.346895 0.638791 
0.815298 -0.70184 0.851645 0.696774 
0.785246 -0.885036 0.806246 0.913879 
0.511769 0.448443 0.52672 -0.38723 
0.348542 0.124939 0.269319 -0.121975 
8.98423e-05 0.656131 -0.0933402 0.6059 
3.42318e-05 -0.625427 0.0494314 -0.537596 
1 0.422294 0.994406 0.586409 
0.864392 0.125645 -0.143002 -0.877092 
-0.189429 0.0479158 -0.132293 0.242519 
-0.465772 -0.990917 0.980841 0.414601 
-0.111539 0.420845 -0.130286 -0.421664 
-0.68336 0.87537 -0.656053 -0.887732 
0.721511 0.237944 0.743384 -0.184746 
-0.221961 -0.961958 -0.170705 -0.928486 
-0.884761 -0.26924 -0.871234 -0.368758 
0.409795 0.0463384 0.46023 0.043952 
-0.713661 0.0323582 0.493558 0.769309 
-0.33655 0.688757 0.0264681 0.627644 
-0.614347 -0.72427 0.86931 0.119277 
0.6523 0.48963 -0.721074 -0.484586 
0.7453 0.332817 -0.683047 -0.356341 
-0.137961 0.805913 0.116188 -0.798873 
-0.148841 -0.24112 0.104003 0.263677 
0.499513 -0.506511 -0.478727 0.507113 
-0.853424 -0.827833 0.871782 0.820555 
-0.662098 0.184773 0.656597 0.199201 
-0.0164696 -0.890744 -0.0317121 -0.868773 
-0.749236 0.415253 0.753575 0.453378 
0.0132583 0.567033 -0.511678 0.0271758 
-0.852537 0.0331334 -0.102109 -0.866343 
0.522498 -0.823029 0.853088 0.49871 
-0.463499 -0.702766 -0.729708 -0.478656 
-0.263886 0.637499 0.597564 -0.22043 
0.845892 0.315778 0.332331 0.849882 
0.930521 0.0791404 -0.272377 -0.962556 
-0.0879882 -0.11123 0.047711 0.123445 
-0.355513 -0.990639 0.961007 0.241343 
0.079893 -0.169219 -0.186468 -0.11561 
0.966361 -0.211323 -0.167219 -0.935981 
-0.244464 0.962656 0.968126 0.332528 
0.846676 -0.106136 -0.0695175 0.8251 
0.403989 0.825494 0.830191 0.418398 
0.346313 0.554341 0.553128 0.379675 
-0.725291 -0.0763853 0.141029 0.69541 
0.624583 0.0424796 -0.181758 -0.6574 
-0.289566 -0.996173 0.973178 0.290223 
0.290426 -0.0583929 0.264907 -0.0219483 
-0.864681 -0.0300642 -0.878244 -0.12635 
0.409853 0.997841 0.398136 0.991743 
-0.761845 -0.0458695 -0.749588 0.0910594 
0.235789 0.258625 0.171476 -0.264993 
0.603321 -0.964888 0.639307 0.959941 
0.662219 -0.306865 0.257818 -0.707514 
0.749246 0.95156 -0.966177 -0.706137 
-0.00985423 0.0191798 0.00554769 0.0281911 
-0.688511 0.563516 0.619638 0.676255 
-0.0885445 0.825723 0.784886 0.104417 
0.7198 0.0251214 0.00135568 -0.72923 
0.842215 0.0107886 -0.0262505 -0.803969 
0.311487 0.00385888 -0.0274195 -0.365335 
-0.440058 -0.999934 0.999279 0.469216 
-0.160508 0.431016 -0.0878636 0.366583 
0.23882 -0.612238 0.184703 -0.649413 
0.957707 0.662865 0.978859 0.666243 
-0.3484 0.364307 -0.311848 0.348632 
-0.610138 0.0937928 -0.596927 0.129733 
0.711582 0.926544 0.739209 0.928238 
0.811379 0.109803 0.0288526 -0.822821 
0.579239 -0.964766 -0.971384 -0.561083 
0.0783945 0.239102 0.235755 -0.0902901 
0.676863 0.0118214 0.0202308 0.72148 
-0.43679 0.359916 0.311581 -0.317822 
0.592513 0.93291 0.950004 0.615188 
-0.10743 -0.87466 -0.827843 -0.036168 
-0.100408 -0.342344 -0.3441 -0.0839532 
0.989129 0.343176 0.443025 0.995813 
0.466201 0.552649 0.421863 -0.511382 
-0.0757865 -0.242221 -0.102302 0.248331 
0.881427 -0.797439 0.90087 0.822691 
-0.0529174 0.116793 0.06131 -0.123023 
0.319797 -0.715131 -0.275738 0.678586 
-0.946007 -0.689164 0.959275 0.724145 
0.48842 -0.293467 -0.512285 -0.295986 
0.862562 -0.47952 -0.851383 -0.51566 
-0.132033 -0.827005 0.112747 -0.804044 
0.973241 -0.476458 0.980957 0.49449 
-0.202005 -0.3936 -0.170796 0.344632 
0.109522 -0.786172 0.0924732 0.79794 
-0.858769 -0.736042 -0.702315 -0.879171 
-0.509842 0.156813 0.191228 -0.474919 
-0.0507668 0.658523 0.685701 -0.0388467 
0.26969 0.314778 -0.516592 0.465998 
0.398422 -0.84827 -0.371868 -0.208563 
-0.876657 -0.425855 0.771263 0.859853 
0.638684 -0.188983 -0.136396 0.614851 
0.522271 0.981853 0.989312 0.561299 
0.565081 -0.0158328 0.0515607 0.553988 
0.527737 0.801355 0.599048 0.777666 
0.844041 0.0419893 0.793563 -0.0413802 
0.0953304 0.596714 0.106771 0.627315 
0.81611 0.83973 0.755611 0.87496 
0.46899 -0.00873146 0.555537 0.0123235 
0.337659 -0.542934 0.347031 -0.484038 
-0.0472009 0.896478 -0.105745 -0.912631 
-0.165115 0.0941355 -0.168298 -0.117516 
0.985144 -0.432973 0.980048 0.391528 
-0.940882 0.575559 -0.58627 -0.951058 
-0.296427 -0.606485 0.586668 -0.258855 
0.163927 -0.548551 0.558666 0.168769 
0.0944004 0.529324 -0.541295 -0.368883 
0.0578288 -0.806064 0.816944 0.55012 
0.993853 0.26472 0.199002 -0.749195 
-0.457674 -0.56937 0.383483 -0.570582 
-0.55512 0.650637 0.53185 0.662442 
-0.694534 0.502483 0.755034 0.485393 
-0.431391 -0.580421 0.287962 -0.568332 
-0.113144 -0.297824 0.126348 -0.348235 
-0.895042 0.7579 0.94927 0.745474 
0.84008 -0.330956 -0.863964 -0.36061 
0.439306 -0.795885 -0.377835 -0.845572 
-0.31824 -0.506987 0.332877 -0.39366 
0.367405 -0.0291872 0.0854512 0.442997 
0.872385 0.151029 0.175413 0.836884 
0.322426 0.988098 0.98078 0.321525 
0.663501 0.467705 0.405773 0.70226 
-0.265801 0.705482 0.77054 -0.163005 
0.699368 0.532491 0.491545 0.693008 
0.209504 -0.786896 0.183555 -0.751995 
0.0941119 -0.0482585 0.0804314 -0.0615028 
0.973268 0.615196 0.979713 0.656293 
0.787831 -0.355946 0.750084 0.335753 
-0.269636 -0.634523 -0.283788 0.619382 
0.553731 -0.686063 0.597359 0.709673 
0.682025 0.968746 0.967506 0.691002 
-0.323222 0.0959576 0.0472205 -0.399139 
-0.656026 0.228745 0.248399 -0.602664 
0.851855 -0.118526 0.857106 0.134635 
0.380048 -0.989852 0.39781 0.990477 
0.360426 0.0783831 0.327286 -0.0287762 
0.845439 -0.517779 -0.53606 -0.840614 
0.0226628 0.832619 0.829538 -0.0423727 
-0.533591 0.196598 0.156545 0.539975 
-0.18905 0.0504289 0.101669 0.20279 
0.186271 0.792416 0.756243 -0.187529 
-0.964138 0.607894 0.646344 0.961098 
-0.20608 -0.990161 0.400987 0.99259 
-0.441576 -0.0567359 0.46967 0.0152593 
-0.873236 -0.127918 0.786524 0.120552 
0.261594 0.335052 -0.337643 0.341019 
-0.383057 -0.479707 0.309251 -0.423512 
-0.88591 0.810939 0.889023 0.839252 
-0.837791 -0.868488 -0.844092 -0.883561 
-0.524738 0.494384 -0.519964 0.467925 
0.150849 -0.036232 0.130944 -0.0191103 
0.266022 0.633406 -0.238537 0.563282 
0.145981 0.358416 -0.148795 0.399921 
-0.952849 0.68581 0.959667 0.723032 
-0.364112 -0.0688885 0.0785265 -0.371262 
0.791966 -0.0699944 0.0236829 0.77425 
0.490115 -0.995166 0.996631 0.512544 
0.789012 0.315024 -0.266943 -0.755427 
0.468785 -0.150093 0.250139 -0.477342 
-0.397115 -0.93714 0.930684 0.44886 
-0.139526 0.797596 -0.0583826 -0.757665 
0.74427 -0.603116 0.733869 0.651792 
0.653142 0.00958535 0.676778 -0.0333405 
0.375031 0.13241 0.331163 0.108441 
0.627983 0.939526 0.619653 0.974506 
0.681901 -0.315846 0.71159 -0.196415 
0.785872 0.0872305 0.116922 -0.788478 
-0.473048 0.394991 0.476059 0.418205 
-0.398284 0.914534 0.871606 0.451006 
0.0416324 0.8183 0.800646 -0.11773 
0.813858 -0.478044 -0.488266 -0.780197 
-0.57957 0.319153 0.347221 0.614355 
-0.132327 0.531809 -0.498006 0.136788 
0.112239 0.663143 -0.7009 -0.0920115 
-0.984831 -0.526707 0.510617 0.986318 
-0.311344 0.610301 -0.287002 0.596836 
-0.225705 -0.556271 -0.241001 -0.554506 
0.923105 0.563999 0.927118 0.579922 
0.0408764 -0.328049 -0.0900678 0.291476 
-0.21209 0.720448 0.206904 -0.670221 
-0.976395 -0.611015 0.974207 0.682529 
0.252588 -0.658422 0.205571 -0.645336 
-0.957844 -0.555085 -0.955643 -0.543568 
0.136877 0.508292 0.210918 0.536727 
-0.978542 -0.566959 0.528044 0.971841 
-0.172961 0.637963 -0.62092 0.171746 
-0.111985 -0.521115 0.579333 0.161333 
0.696539 -0.0850287 0.174956 0.722136 
-0.435783 0.993312 -0.982186 -0.338316 
0.570024 -0.0781063 0.068563 0.603376 
-0.669428 -0.297504 0.648209 -0.29669 
0.509384 -0.75871 -0.484226 -0.803625 
-0.540735 0.579526 0.587665 0.515909 
0.413373 -0.273389 0.321711 0.359055 
0.904009 -0.570809 0.615394 0.902574 
-0.109047 -0.774232 0.719577 -0.237571 
0.310466 -0.0698388 -0.304454 0.0583681 
0.901343 0.741838 -0.88278 -0.818284 
-0.30198 0.666933 0.357781 -0.571843 
-0.104404 -0.0307574 -0.0361051 0.0456949 
-0.132853 0.89621 -0.0530938 -0.889122 
0.985622 -0.442563 0.997937 0.455383 
0.336943 -0.19908 0.0957372 -0.349393 
0.055427 0.815634 -0.771016 0.0710146 
-0.939892 -0.543238 0.629578 0.934281 
-0.950657 -0.132987 -0.107473 -0.906619 
-0.250444 -0.292362 -0.353826 -0.255034 
0.183109 0.947016 0.929116 0.336153 
-0.901151 0.0502771 -0.0102692 0.85855 
0.165805 -0.263577 -0.182538 -0.15484 
-0.400543 0.963327 0.983145 0.488791 
-0.0619139 -0.0794202 0.115239 0.0324591 
0.64277 -0.333393 -0.592733 0.396544 
-0.763553 -0.939437 0.797112 0.917442 
-0.495741 0.802797 0.580524 0.784306 
-0.384648 -0.516593 0.356787 -0.531408 
-0.778644 0.297739 0.731912 0.320108 
0.0309661 0.80797 0.000132419 -0.821045 
-0.0240082 0.287674 -6.28535e-05 -0.275307 
-0.999232 -0.514225 1 0.500091 
-0.0675495 -0.731716 0.715238 -0.100787 
0.977184 -0.59388 0.623796 0.985621 
-0.201366 -0.334512 0.31514 -0.135623 
0.8353 -0.615346 0.598892 0.884834 
-0.53022 -0.0363 -0.0606228 -0.460245 
-0.145402 -0.787421 0.798532 -0.0724095 
-0.355999 0.400554 -0.331442 0.370937 
0.907035 0.414545 0.894814 0.419192 
0.224837 0.817135 0.29909 0.828664 
-0.593443 -0.382361 -0.628943 0.273145 
-0.0869297 0.454982 0.00604182 -0.416035 
0.800168 -0.804233 0.777428 0.867356 
0.331402 -0.517772 -0.553223 0.310796 
0.942212 0.715589 0.738754 0.94766 
-0.0490817 0.468876 0.38495 -0.0731212 
-0.671936 -0.721016 0.803487 0.655918 
-0.31788 0.651668 -0.536925 0.366385 
-0.668921 -0.23551 0.25714 0.65995 
0.123572 -0.773801 -0.132651 0.762068 
0.985737 0.588897 -0.983974 -0.629325 
-0.11425 0.233308 0.119156 -0.152323 
0.184548 0.322384 -0.314995 0.192237 
-0.894727 0.113795 -0.169888 -0.876781 
0.4067 -0.939744 0.933764 0.440796 
0.435082 -0.502062 -0.453169 -0.514923 
-0.888759 0.155247 0.880752 0.171609 
-0.14426 0.850783 0.137529 0.839884 
0.863617 -0.0268672 -0.0270618 -0.865164 
-0.220737 0.112064 0.109061 0.206617 
-0.453255 0.993338 0.993667 0.456947 
-0.862424 -0.0106841 -0.852053 0.0249146 
-0.336024 0.462771 -0.325394 -0.549505 
0.378566 -0.886413 0.410029 0.835119 
0.171673 -0.272527 -0.147086 0.18134 
0.650665 -0.200361 -0.680218 0.23408 
-0.739705 -0.941055 0.718101 0.955156 
0.174036 -0.710428 -0.676902 0.201043 
-0.605728 -0.675156 -0.685261 -0.636084 
0.776405 0.198636 0.26874 0.744969 
-0.380268 -0.0441343 -0.0991919 -0.434686 
-0.809003 -0.00584658 -0.116916 -0.823328 
0.448231 0.999008 0.988176 0.364938 
-0.620688 -0.128417 0.629105 0.181742 
0.0736622 0.914107 -0.076096 -0.893497 
-0.780589 -0.384601 0.773586 0.41065 
-0.0810137 -0.231928 0.0642965 -0.19534 
0.0951869 -0.897953 -0.0806084 -0.874243 
-0.992157 0.374017 0.99467 0.444457 
-0.0450512 0.897898 -0.140424 -0.890799 
0.00969176 -0.135433 -0.00171245 0.250525 
0.998938 -0.418853 0.99009 0.379096 
-0.86641 -0.0411756 0.0971879 0.858722 
0.0141419 -0.591198 0.606901 0.0208541 
-0.499133 -0.805475 0.788813 0.512018 
-0.0790017 -0.898497 0.871601 0.0225598 
-0.863423 -0.437161 0.463198 0.860864 
-0.498257 -0.0399206 0.160497 0.508334 
-0.369835 -0.868161 0.325202 0.882621 
-0.589874 0.205021 0.621799 -0.162795 
-0.717824 -0.451955 0.712468 0.440996 
0.67283 0.292735 0.321695 -0.658741 
0.325608 -0.236755 -0.283253 -0.250789 
-0.664288 0.92642 0.903482 0.709341 
-0.326109 0.425628 0.286761 0.472273 
-0.0314456 0.861425 0.154647 0.846074 
-0.944809 0.277106 0.945438 0.247216 
-0.935372 -0.125699 0.95555 0.254984 
-0.239919 -0.902325 0.180822 0.867414 
-0.259842 -0.412323 0.232868 0.427288 
0.129318 0.588663 0.120642 0.543484 
-0.604663 -0.79769 -0.601573 -0.835006 
0.785913 -0.131018 0.789655 -0.0859668 
0.298389 -0.098903 0.175007 -0.317992 
-0.251752 0.604602 -0.611222 0.246889 
-0.920644 -0.790363 0.771868 0.915383 
0.806532 0.129276 0.793176 0.0485405 
0.266638 0.221319 0.303454 -0.186533 
0.527646 -0.966595 0.528004 0.981249 
0.847402 -0.0343289 0.850324 0.0142585 
0.00146056 -0.229423 0.0432316 -0.297208 
0.530949 0.972721 0.52448 0.954706 
-0.175674 -0.0813873 -0.12096 -0.0861747 
0.189263 -0.73521 0.327569 -0.654398 
0.966084 0.672935 0.937053 0.751224 
0.883895 0.0467919 -0.0437539 0.835982 
-0.106786 0.00697921 0.0637117 -0.0780646 
0.455332 -0.99888 0.997009 0.543176 
0.165242 -0.379284 -0.13201 -0.430221 
0.240827 0.703199 -0.147798 0.708782 
-0.956398 0.601377 0.980168 0.559051 
-0.634609 0.392777 -0.693886 -0.0820361 
-0.755294 -0.809736 -0.612532 -0.935599 
0.163711 -0.435952 0.378586 -0.343403 
0.433478 -0.448637 -0.463565 0.368305 
-0.796579 -0.257041 -0.332626 -0.784444 
0.421377 0.855953 0.82126 0.498998 
-0.478154 0.960015 0.952861 0.430432 
0.87269 -0.0627928 -0.145784 -0.89008 
0.0988976 0.272814 0.266088 -0.149955 
0.49111 -0.410573 -0.413759 -0.563285 
-0.865121 0.397319 0.412152 0.821533 
0.10187 0.820712 0.811747 -0.08828 
0.363888 -0.067934 0.386893 0.153468 
0.456506 0.528946 0.461401 -0.509783 
0.811904 -0.845932 0.798388 0.846504 
0.149277 0.786356 -0.720323 -0.264741 
-0.566051 0.318288 -0.315458 0.558695 
-0.810742 -0.529469 0.617755 0.785985 
-0.594519 -0.00906061 -0.0276497 -0.572401 
-0.758907 0.852128 -0.826255 -0.772743 
-0.26572 -0.523255 0.562617 -0.274271 
-0.368866 -0.510045 -0.672803 0.15806 
-0.284939 0.799116 0.727817 0.707474 
-0.88473 0.318226 0.132733 0.688837 
0.575874 -0.986365 0.614784 0.987243 
0.784823 0.0122719 0.74445 -0.100424 
0.22896 0.164112 0.260453 -0.123554 
-0.704336 -0.128074 0.162697 0.650021 
-0.651613 -0.108234 0.00806334 0.649633 
-0.281622 -0.985841 0.986643 0.394272 
-0.857394 -0.128175 -0.0788949 -0.810018 
-0.0820671 -0.915759 -0.944468 -0.289496 
0.508075 0.380732 0.318992 0.509963 
0.628972 0.983085 0.628367 0.982219 
-0.567163 0.0159176 -0.564837 0.0323583 
0.531715 -0.182456 0.534896 -0.184928 
-0.116104 -0.39421 0.49825 0.144742 
-0.631869 -0.893749 0.849562 0.654857 
0.76633 -0.214037 0.173181 -0.741763 
-0.424102 0.910898 0.479354 0.899216 
0.904673 -0.137918 -0.875333 -0.047305 
-0.0412933 0.3889 0.0633409 0.43494 
0.832351 0.176447 0.168938 0.859178 
0.384387 -0.127272 -0.10961 0.321291 
0.399298 0.976047 0.979513 0.398228 
0.947483 -0.218952 0.946675 0.206247 
0.305154 -0.758527 0.299789 0.788305 
0.0956962 -0.613756 0.11804 0.579688 
0.181662 -0.539852 0.132513 -0.576087 
-0.148469 -0.663677 -0.121297 -0.641314 
0.972088 0.517776 0.983731 0.506794 
-0.367424 -0.30438 -0.300583 0.302637 
-0.918218 0.437276 0.548061 0.948757 
-0.147901 0.846252 0.780563 0.0909487 
0.98466 -0.485672 0.559061 0.990519 
0.145315 -0.315834 0.354463 0.081766 
-0.0965863 -0.81509 0.749538 -0.110392 
0.560249 0.465236 -0.555252 0.431733 
-0.514893 0.418595 0.502935 0.418319 
-0.64885 0.779957 0.662384 0.799134 
0.89156 0.809485 0.858325 0.838759 
-0.361407 0.587041 -0.369845 0.541713 
0.272958 -0.0108499 0.355659 -0.0550475 
0.10574 0.0210398 0.0449904 0.0923041 
-0.876471 0.00541092 -0.104625 -0.910438 
0.4697 -0.999764 0.993494 0.403216 
-0.820749 -0.464759 0.146763 0.542899 
0.549135 -0.679685 0.199187 0.79509 
-0.157548 -0.567475 0.968909 0.270356 
0.117652 -0.827938 0.747631 -0.189261 
-0.227634 -0.299458 0.273306 0.236713 
-0.966613 -0.474176 0.60527 0.952968 
0.757094 0.0137741 0.79975 0.122377 
-0.465844 0.999905 -0.376904 -0.990571 
0.458037 0.000526574 0.467271 0.0615885 
-0.878876 -0.0941186 -0.0647484 -0.852982 
0.135466 -0.259861 -0.275703 0.137889 
0.457412 0.961048 0.95906 0.503396 
0.0483836 0.785065 -0.0372089 0.789899 
-0.0011831 -0.343389 -0.036436 -0.328006 
-0.998828 0.515516 0.998643 0.518143 
0.206013 -0.286851 0.254059 -0.28283 
-0.10249 0.697984 -0.183751 0.629179 
0.973167 0.656151 0.949573 0.723975 
-0.361601 0.729898 -0.595131 0.398384 
-0.917062 -0.674898 0.789336 0.901899 
-0.168053 -0.10845 0.150886 0.16694 
0.906967 -0.0505527 -0.853042 0.00854656 
0.414792 -0.988437 -0.511785 -0.999167 
-0.0732099 -0.142959 0.101954 -0.0399051 
-0.10758 0.214803 0.197799 -0.0443333 
-0.0939138 -0.89523 -0.915478 -0.179604 
0.989751 0.390414 0.350394 0.98274 
-0.423842 -0.092141 -0.0633113 -0.413701 
0.766191 0.0166958 -0.0267286 0.763829 
0.483021 0.995606 0.997636 0.495395 
0.10398 -0.806345 0.732684 -0.141313 
0.0397156 -0.271113 0.296355 -0.00992299 
-0.993786 -0.525648 0.612657 0.989915 
0.310384 0.75345 -0.321644 -0.735409 
0.927054 0.0782496 -0.92643 -0.144584 
-0.210318 -0.652832 0.195634 0.662018 
0.964339 -0.0119262 -0.580224 -0.960768 
0.0954876 -0.00646013 0.45867 -0.261383 
-0.246846 -0.999908 0.673024 0.0927571 
-0.372133 -0.684881 0.726586 0.378737 
-0.927764 -0.227158 0.269421 0.924704 
0.027766 -0.692342 0.632048 -0.038478 
0.109696 -0.729752 -0.110843 0.696285 
-0.444202 0.0910534 0.450015 -0.113104 
-0.889186 -0.677622 0.886116 0.708798 
0.899151 -0.640282 0.917184 0.636751 
0.403231 -0.00735297 0.371335 0.0724858 
0.170097 0.768105 0.144511 -0.767655 
0.539097 -0.0664786 -0.0294755 -0.457638 
-0.507379 -0.373616 -0.421606 0.469367 
-0.672266 0.925198 0.9063 0.755157 
0.706373 -0.0622944 -0.135904 -0.737597 
0.0191028 0.830723 0.80913 0.0171143 
-0.707582 0.55319 0.571697 0.675024 
0.468327 0.993833 0.994786 0.431561 
0.0725104 0.10938 0.0733484 0.097465 
0.880575 -0.0182231 0.0708518 0.896803 
0.496891 -0.262528 0.148673 0.520263 
0.707986 0.130345 -0.0888415 0.697974 
0.501852 -0.95608 0.984888 0.492097 
-0.896366 0.307079 -0.880714 -0.260925 
0.407193 -0.125799 0.423702 0.162226 
0.175277 -0.943333 0.211704 0.951631 
0.297935 -0.125225 -0.323091 -0.147642 
0.70727 0.209704 -0.669854 0.273383 
-0.641096 0.969713 0.668512 0.950507 
-0.288157 0.697783 0.287407 -0.62386 
-0.0769489 0.20693 0.161578 -0.20398 
-0.954486 -0.685769 0.944082 0.754448 
-0.333785 -0.126887 0.290147 0.0562677 
-0.0685903 -0.927191 0.161435 0.933959 
-0.94015 -0.352443 0.943267 0.352923 
0.71767 0.217351 0.673278 0.281126 
0.412359 0.957164 0.458459 0.937465 
0.561168 -0.191302 0.580097 -0.205251 
-0.315429 0.696721 0.268063 -0.679578 
0.56508 0.322174 -0.581707 -0.274651 
-0.762358 -0.640924 0.767958 0.68025 
-0.0560077 0.42789 -0.510775 -0.00130784 
-0.363199 -0.565401 0.483283 -0.346742 
0.930027 -0.705147 0.711018 0.93796 
-0.105675 0.932306 -0.20434 -0.922065 
0.0185464 -0.160629 0.0161112 0.225391 
0.994228 -0.324044 0.978767 0.314634 
0.861808 0.0885328 -0.830445 -0.0790833 
-0.498384 -0.888567 0.550246 0.867174 
-0.0943429 0.450123 0.0871164 -0.491685 
0.861209 0.092713 -0.174116 -0.85099 
0.18569 -0.343145 0.312222 -0.251775 
-0.473115 -0.934696 0.933917 0.460896 
0.00520745 -0.1082 -0.101409 0.0216158 
0.999979 0.504172 0.454092 0.998239 
-0.00398221 0.856798 0.885165 0.0552434 
0.170701 0.373904 0.122444 -0.317542 
-0.657115 -0.268607 -0.637091 0.247548 
0.734208 -0.88772 0.761001 0.915362 
0.0059097 -0.485608 0.0329456 0.463739 
-0.0718096 0.810566 -0.0625933 -0.77036 
0.997401 -0.327364 0.997495 0.437599 
0.290959 -0.749675 -0.786485 -0.325874 
0.630394 -0.590741 -0.566807 -0.70336 
0.719685 0.298351 0.245298 -0.631737 
-0.929503 -0.17954 0.238097 0.958933 
-0.0658935 -0.393471 0.392267 0.07005 
-0.362881 -0.901635 0.888502 0.274847 
-0.989272 0.372276 -0.366015 -0.98893 
-0.0645291 0.422782 -0.42757 -0.064541 
0.131058 -0.826236 0.826569 0.133614 
0.622037 0.360955 0.242203 -0.681215 
-0.763706 0.928033 0.9646 0.709086 
0.172693 0.0920128 0.104327 -0.182051 
0.484449 -0.863767 0.873911 0.469409 
0.161971 -0.503047 0.485291 0.233753 
-0.859695 0.0291557 0.0277866 -0.851478 
0.748252 -0.336978 0.720438 0.350837 
0.0873496 0.828135 0.0668557 -0.827519 
0.657639 -0.447927 0.69029 0.438321 
0.191043 0.736606 -0.698087 -0.176507 
-0.845605 0.0923665 0.0232985 0.848508 
-0.498453 -0.669986 0.715634 0.498878 
-0.681275 0.0621236 -0.0881216 -0.630495 
-0.658297 0.230477 -0.243188 -0.72485 
0.32017 -0.971093 0.965968 0.277613 
0.937458 0.320019 -0.913405 -0.23428 
-0.231429 0.225834 0.209933 -0.213254 
-0.260025 -0.920102 0.34874 0.948491 
-0.521611 0.408488 0.475178 -0.385144 
0.419592 -0.146921 -0.381045 0.113714 
-0.742876 -0.900862 0.793102 0.915824 
-0.156364 0.623777 0.128659 -0.613327 
-0.241734 -0.647397 0.225147 0.650667 
-0.957661 -0.437927 0.965793 0.44773 
-0.225585 0.0779343 0.237811 0.0172503 
-0.961904 0.612452 0.966044 0.597181 
-0.154442 -0.786657 0.101015 -0.801921 
-0.886304 0.340919 0.353582 0.895838 
0.177037 0.691569 0.688766 -0.125635 
-0.427929 0.636794 0.632914 0.426252 
-0.107253 -0.376203 -0.126114 0.379771 
0.164649 0.618148 0.171062 -0.635759 
0.980504 -0.690192 0.977156 0.672 
0.807406 -0.0579699 -0.156909 0.776688 
0.585545 0.997499 0.984944 0.62918 
0.0723398 0.0404474 0.0725538 0.0297993 
-0.373632 -0.162546 0.188402 -0.387051 
-0.846552 0.205073 -0.224026 -0.828301 
0.379142 -0.965155 0.956199 0.405104 
-0.875522 0.389836 -0.868762 -0.389237 
-0.467856 -0.0216659 -0.465565 -0.0136372 
0.120712 -0.920629 0.168828 0.921037 
-0.0950457 0.159559 -0.16987 -0.108298 
0.730302 0.312807 0.728587 -0.221596 
0.67648 -0.936319 0.663555 0.969106 
0.173515 -0.585544 -0.179552 -0.612985 
-0.183924 -0.627217 0.179278 -0.59979 
-0.967504 0.513553 0.967275 0.514297 
-0.300872 0.187827 0.352671 -0.220972 
-0.797233 0.0362091 0.757661 0.0571066 
-0.52335 -0.981534 0.549157 0.973607 
0.896682 -0.230555 -0.247007 -0.864481 
-0.296235 -0.233102 -0.269111 0.30845 
-0.328946 0.944726 0.930896 0.396902 
0.829895 -0.00691253 -0.770784 0.143085 
0.198926 0.00824833 -0.172922 -0.0205179 
-0.521252 -0.999942 0.61318 0.989498 
-0.458497 0.411687 0.399589 -0.422101 
-0.709731 -0.910284 -0.915657 -0.703007 
0.534848 0.0435605 0.0435969 0.572374 
-0.318902 -0.461769 -0.289042 -0.455488 
-0.00601281 0.831089 0.244602 0.874462 
0.947769 0.309935 0.92554 0.166875 
0.10057 -0.0263373 0.0829302 0.0172803 
0.663191 -0.256503 0.671676 -0.302316 
0.741663 0.966184 0.736189 0.953051 
0.419307 0.108963 0.018594 0.419328 
-0.837734 -0.137228 -0.187047 -0.841399 
0.349835 0.984528 0.982175 0.340898 
0.9722 -0.60643 0.641028 0.980588 
0.22705 0.411725 -0.414352 0.176208 
-0.0572248 -0.68024 0.646062 -0.0860165 
-0.958719 -2.12636e-05 0.453511 0.988295 
-0.133282 0.0015398 0.000228052 0.141064 
-0.251184 0.999999 0.891251 0.0580813 
0.264889 0.487795 -0.437604 -0.282924 
0.715521 -0.372117 0.328802 -0.65032 
-0.646423 -0.789674 0.836894 0.705009 
-0.344803 0.949571 -0.312148 -0.958016 
0.143426 0.231411 0.125351 -0.163947 
0.927653 -0.211577 0.941728 0.235215 
0.143685 -0.419385 0.0545442 -0.395495 
-0.511455 0.340495 -0.535076 0.357929 
0.847212 0.841534 0.843042 0.845855 
-0.214193 0.982129 0.266345 0.967653 
-0.203461 0.00240537 0.140572 0.0581139 
-0.955367 0.188192 0.953572 0.245499 
-0.931768 -0.648392 -0.946351 -0.654571 
0.103119 0.548333 0.0639261 0.573294 
0.348101 -0.528128 0.316754 -0.492819 
