0.488451 0.511549 
0.496644 0.503356 
0.504166 0.495834 
0.499096 0.500904 
0.504473 0.495527 
0.479368 0.520632 
0.500767 0.499233 
0.473158 0.526842 
0.517914 0.482086 
0.471364 0.528636 
0.506123 0.493877 
0.50233 0.49767 
0.490702 0.509298 
0.486801 0.513199 
0.486347 0.513653 
0.501822 0.498178 
0.511117 0.488883 
0.494686 0.505314 
0.501764 0.498236 
0.482975 0.517025 
0.477522 0.522478 
0.498148 0.501852 
0.496764 0.503236 
0.49467 0.50533 
0.514373 0.485627 
0.506901 0.493099 
0.467636 0.532364 
0.487591 0.512409 
0.496206 0.503794 
0.476631 0.523369 
0.474748 0.525252 
0.488085 0.511915 
0.492424 0.507576 
0.502091 0.497909 
0.498136 0.501864 
0.508896 0.491104 
0.483302 0.516698 
0.515251 0.484749 
0.486972 0.513028 
0.510654 0.489346 
0.48136 0.51864 
0.506901 0.493099 
0.49173 0.50827 
0.491141 0.508859 
0.519958 0.480042 
0.491015 0.508985 
0.512647 0.487353 
0.49816 0.50184 
0.504505 0.495495 
0.511136 0.488864 
0.484974 0.515026 
0.494352 0.505648 
0.489408 0.510592 
0.508088 0.491912 
0.518369 0.481631 
0.504021 0.495979 
0.509492 0.490508 
0.500449 0.499551 
0.517643 0.482357 
0.500871 0.499129 
0.503771 0.496229 
0.465887 0.534113 
0.496188 0.503812 
0.469065 0.530935 
0.494269 0.505731 
0.497462 0.502538 
0.494122 0.505878 
0.772504 0.227496 
0.508536 0.491464 
0.489561 0.510439 
0.500596 0.499404 
0.512148 0.487852 
0.491399 0.508601 
0.517533 0.482467 
0.511508 0.488492 
0.509741 0.490259 
0.508217 0.491783 
0.509209 0.490791 
0.489212 0.510788 
0.498934 0.501066 
0.504251 0.495749 
0.487776 0.512224 
0.502008 0.497992 
0.49159 0.50841 
0.483855 0.516145 
0.498889 0.501111 
0.490821 0.509179 
0.511594 0.488406 
0.511856 0.488144 
0.49473 0.50527 
0.522357 0.477643 
0.497478 0.502522 
0.49129 0.50871 
0.486453 0.513547 
0.494938 0.505062 
0.512133 0.487867 
0.511025 0.488975 
0.485969 0.514031 
0.499659 0.500341 
0.500652 0.499348 
0.509201 0.490799 
0.48509 0.51491 
0.509837 0.490163 
0.48583 0.51417 
0.488149 0.511851 
0.508905 0.491095 
0.503061 0.496939 
0.493098 0.506902 
0.480496 0.519504 
0.508531 0.491469 
0.482551 0.517449 
0.497892 0.502108 
0.493635 0.506365 
0.506343 0.493657 
0.50083 0.49917 
0.514136 0.485864 
0.481717 0.518283 
0.513191 0.486809 
0.474895 0.525105 
0.534744 0.465256 
0.52156 0.47844 
0.519041 0.480959 
0.508814 0.491186 
0.494821 0.505179 
0.487218 0.512782 
0.486306 0.513694 
0.506982 0.493018 
0.501696 0.498304 
0.478077 0.521923 
0.500548 0.499452 
0.50945 0.49055 
0.497737 0.502263 
0.483187 0.516813 
0.472048 0.527952 
0.489088 0.510912 
0.478144 0.521856 
0.496574 0.503426 
0.489697 0.510303 
0.489272 0.510728 
0.537433 0.462567 
0.484397 0.515603 
0.503346 0.496654 
0.52458 0.47542 
0.525444 0.474556 
0.48904 0.51096 
0.528554 0.471446 
0.494664 0.505336 
0.509304 0.490696 
0.499085 0.500915 
0.491348 0.508652 
0.484636 0.515364 
0.493688 0.506312 
0.495127 0.504873 
0.518409 0.481591 
0.499362 0.500638 
0.519907 0.480093 
0.484055 0.515945 
0.504861 0.495139 
0.494094 0.505906 
0.502605 0.497395 
0.48748 0.51252 
0.489872 0.510128 
0.489478 0.510522 
0.480547 0.519453 
0.513524 0.486476 
0.480659 0.519341 
0.497006 0.502994 
0.492754 0.507246 
0.528488 0.471512 
0.486303 0.513697 
0.507877 0.492123 
0.493424 0.506576 
0.515074 0.484926 
0.48916 0.51084 
0.480597 0.519403 
0.522236 0.477764 
0.49669 0.50331 
0.493483 0.506517 
0.510192 0.489808 
0.496566 0.503434 
0.515162 0.484838 
0.503095 0.496905 
0.50089 0.49911 
0.514556 0.485444 
0.479222 0.520778 
0.520567 0.479433 
0.519721 0.480279 
0.491209 0.508791 
0.488864 0.511136 
0.499867 0.500133 
0.507321 0.492679 
0.501285 0.498715 
0.515762 0.484238 
0.505674 0.494326 
0.50982 0.49018 
0.494782 0.505218 
0.51335 0.48665 
0.50319 0.49681 
0.556907 0.443093 
0.511251 0.488749 
