-0.141787 0.856674 -0.124077 -0.841047 
0.415445 0.166119 0.45045 -0.144746 
0.8985 -0.488379 0.884138 0.521238 
-0.282125 -0.34362 0.266285 0.341268 
0.384986 -0.606775 -0.358362 0.620754 
-0.878744 -0.716763 0.894801 0.705833 
0.0135057 -0.682664 -0.113928 -0.738271 
-0.00667044 -0.616068 -0.27719 -0.624676 
0.999887 0.392976 0.954037 0.254431 
0.639517 -0.762985 -0.648133 -0.742008 
0.193197 -0.625536 -0.213033 -0.650185 
-0.744105 -0.162967 0.731123 -0.163352 
-0.558087 0.388677 0.395473 0.545632 
0.568993 -0.848043 -0.848394 -0.584212 
0.603975 0.360214 0.351893 -0.600818 
0.0106079 0.875585 -0.00832471 0.861681 
0.0178927 -0.00665514 0.0124228 -0.00994847 
0.999784 0.483018 0.999888 0.507354 
0.958774 -0.221145 -0.936221 -0.167594 
-0.222826 0.881252 0.293008 0.889537 
-0.176354 0.41772 0.194002 0.425012 
-0.761677 -0.550351 -0.529134 -0.762093 
0.339296 -0.634175 -0.65059 0.321746 
0.55202 0.543081 0.544747 0.561866 
-0.453561 -0.958503 -0.943469 -0.436232 
-0.799324 -0.185744 -0.23084 -0.802506 
-0.394163 0.216267 0.237866 -0.407045 
-0.451431 0.266954 -0.275905 -0.463053 
0.732547 -0.845734 0.827397 0.739109 
-0.509495 -0.462027 0.489174 -0.489183 
-0.145797 0.256797 -0.246346 0.149313 
-0.907011 -0.149965 0.203124 0.917004 
-0.395063 -0.95476 0.947657 0.369878 
-0.646568 -0.269236 0.287157 -0.664566 
-0.233908 0.0858737 -0.0623151 -0.241975 
0.726111 -0.959238 0.955854 0.706965 
0.0987474 0.748957 -0.741782 0.0721116 
0.228213 0.253359 -0.234765 0.2357 
0.968591 -0.612268 0.628207 0.969147 
-0.289463 0.00805955 -0.00886646 -0.249532 
0.815512 -0.0306366 -0.038595 0.810783 
0.50115 0.999498 0.999216 0.529495 
-0.961065 -0.198825 0.184635 0.939354 
0.0846593 0.084278 -0.0425163 -0.0991937 
-0.263034 -0.976404 0.981887 0.328291 
-0.450229 -0.548617 0.545806 -0.445836 
-0.152375 0.0564412 -0.0444928 -0.166196 
0.879816 -0.834166 0.836729 0.87955 
-0.558579 -0.172156 -0.175651 0.580194 
-0.707318 0.277247 0.269776 0.685044 
-0.433233 0.945249 0.946767 0.440555 
0.381003 -0.800364 -0.351109 -0.784272 
0.864017 -0.00555683 -0.862283 0.0020716 
-0.329106 0.599489 0.364952 0.620414 
0.703422 0.286755 -0.289705 0.673108 
0.678893 -0.836713 0.858342 0.713212 
0.210479 -0.466565 0.423462 0.195586 
0.325392 -0.604117 0.31503 -0.630269 
-0.929757 -0.792347 -0.933356 -0.768617 
0.172256 -0.085021 0.172053 -0.109495 
0.00246831 -0.762385 -0.747525 -0.0204163 
-0.752726 0.0596041 0.060469 0.746985 
-0.65833 0.644373 0.661476 0.664527 
0.865837 -0.0453059 0.0616515 -0.832336 
-0.466763 -0.913495 0.918161 0.526137 
-0.180163 -0.40432 0.391382 0.174348 
-0.0925492 -0.802403 -0.798696 0.119679 
0.979886 -0.576149 -0.570307 -0.962806 
-0.176799 0.155567 0.191924 0.242241 
-0.684042 0.808571 -0.807166 -0.68774 
-0.0406926 -0.586436 0.589539 -0.0561279 
-0.728306 -0.0480244 0.0304383 -0.723784 
-0.704963 0.847606 0.861914 0.707274 
0.638928 0.386072 0.354661 -0.632235 
-0.307895 0.364022 0.36238 0.316296 
0.0119094 -0.0968216 -0.0327849 -0.0944382 
-0.00135266 -0.98804 -0.652671 -0.977867 
0.999928 0.12001 0.756932 -0.186703 
-0.0642242 -0.594017 -0.0181873 0.605042 
-0.627184 0.804396 -0.659167 -0.795986 
0.776219 -0.00956502 0.751777 -0.0182012 
0.562397 -0.405074 0.5764 -0.383852 
-0.796659 -0.914213 -0.775863 -0.92319 
0.22146 0.0113395 0.256514 0.0194296 
0.258785 -0.927216 -0.222975 -0.912844 
0.808177 -0.0789656 -0.838551 -0.122666 
-0.529037 0.366108 0.497106 0.389447 
-0.815079 -0.0158408 -0.788973 0.0456528 
-0.199477 0.00206073 -0.217123 0.147002 
0.543925 -0.999872 0.574787 0.988082 
0.136484 -0.205808 -0.213036 -0.222766 
0.172211 0.802382 0.837568 -0.0446386 
-0.975559 0.560202 0.503087 0.97385 
0.327553 0.656902 -0.302823 0.672743 
0.238095 -0.228622 -0.216485 -0.213357 
-0.914341 0.718478 0.928134 0.708446 
0.830337 -0.0178017 -0.067207 -0.847858 
-0.342461 -0.0506164 0.0688385 0.319741 
-0.439613 -0.99856 0.995361 0.42297 
0.48395 -0.509186 0.503221 -0.441772 
0.0509786 0.377519 -0.378456 -0.0731098 
-0.873609 -0.773439 0.776878 0.894144 
0.817726 0.00445165 -0.107724 0.786921 
0.220123 0.00920697 0.0109904 0.192994 
0.531856 -0.999948 0.99412 0.586096 
-0.760087 0.0482075 -0.0315388 -0.766492 
0.475372 -0.0015818 0.080769 0.468169 
0.443045 -0.998836 0.996234 0.439668 
-0.337624 0.640543 0.632872 -0.273374 
-0.829498 -0.765565 -0.773595 -0.851466 
0.444908 0.0601275 0.0320013 0.447518 
0.623699 0.857961 0.620793 0.86979 
-0.494904 0.43741 -0.507722 0.406966 
0.605038 0.269397 0.597356 0.279005 
-0.609712 -0.0925625 0.604833 -0.0967611 
0.0964311 -0.783382 -0.119946 -0.803796 
-0.786735 0.614609 0.787267 0.586983 
-0.30646 0.278625 0.320935 -0.265811 
-0.0132427 -0.765421 -0.0029797 0.737931 
-0.951792 -0.580085 0.947097 0.620324 
0.0925225 0.200344 -0.0793416 -0.193221 
0.969849 0.668966 -0.976844 -0.646313 
-0.225462 0.715784 0.198696 -0.738204 
-0.019114 0.843523 -0.0385309 0.845723 
-0.278305 -0.190814 -0.290572 -0.179977 
0.960303 0.502055 0.956077 0.502355 
0.398572 -0.580783 0.385359 0.58544 
-0.141601 0.785686 -0.0846824 -0.778319 
0.90614 -0.213048 0.918873 0.226892 
-0.289795 -0.462872 0.300371 -0.467403 
0.790841 -0.87338 -0.801348 -0.875993 
-0.539063 -0.151516 0.517318 -0.119039 
-0.215631 -0.724732 -0.730658 0.223117 
-0.886896 0.597571 0.594966 0.887751 
-0.408556 0.343033 0.334893 0.402636 
0.369345 -0.885878 0.875958 0.417497 
0.809552 -0.347427 0.357123 0.787581 
-0.456301 -0.307433 0.324285 -0.453223 
0.512879 -0.15726 0.170619 0.479348 
0.731654 0.00794591 -0.0931394 0.724606 
0.449041 -0.987525 0.980925 0.495149 
0.018006 -0.790393 -0.0470411 0.786683 
0.107969 -0.287348 -0.0879827 0.254973 
-0.993991 -0.541027 0.995011 0.562245 
0.574471 0.97382 0.884278 0.811912 
0.193014 -0.225809 -0.466897 0.472473 
0.795443 0.0261641 0.00769787 0.342881 
0.0820988 -0.60013 -0.570066 0.100348 
0.570447 0.795866 0.812235 0.560864 
0.817221 0.0802544 0.123694 0.821804 
0.808875 0.5854 -0.580986 -0.801914 
0.463168 0.503452 -0.56045 -0.461017 
0.362211 -0.635486 0.590213 -0.379996 
0.361811 0.161913 -0.179911 0.378784 
-0.854449 0.858354 -0.860615 -0.855544 
-0.372839 -0.48684 0.476418 -0.35294 
-0.966534 0.298789 0.348058 0.974809 
-0.210745 0.370312 0.321378 0.192812 
-0.146284 0.879542 0.880666 0.112125 
0.759676 -0.758129 0.74982 0.775349 
-0.509812 0.305232 -0.310591 -0.48922 
-0.403713 -0.576259 0.584212 -0.399373 
-0.459706 -0.5043 -0.429678 0.511904 
-0.772462 0.550933 -0.787066 -0.538214 
0.438147 -0.664946 0.442611 0.669537 
-0.195814 0.317026 -0.266281 0.274893 
-0.00590676 0.703362 -0.180061 0.631127 
0.980623 0.636221 0.946928 0.725336 
-0.300917 0.926131 0.322863 0.915892 
-0.351453 0.367081 0.315457 0.391045 
-0.886527 0.0867929 0.892326 0.090701 
-0.468839 -0.201922 0.49382 0.207229 
0.633941 -0.293951 -0.59917 0.311639 
-0.615068 -0.934249 0.630188 0.927328 
0.0246807 0.156036 -0.0875422 -0.129403 
-0.306826 0.694675 0.279291 -0.68965 
-0.951446 -0.702196 0.956207 0.712487 
-0.484124 0.457661 -0.456189 0.499546 
-0.639098 -0.812622 -0.671031 -0.804181 
0.597643 0.360821 0.584473 0.322097 
-0.240842 0.0328759 0.265068 -0.0395658 
0.259419 -0.674905 -0.270049 0.665245 
-0.935252 -0.737172 0.925642 0.745576 
0.652 0.171093 0.651308 -0.153319 
0.0661519 0.534441 0.0432837 -0.546875 
0.755328 -0.827707 0.757578 0.823056 
0.991695 -0.411162 0.406625 0.994106 
-0.115655 0.893654 -0.896027 -0.0974191 
0.0562508 -0.179802 0.178301 0.0475704 
0.78093 0.48842 -0.780425 -0.51409 
0.493567 0.692108 -0.315169 -0.807762 
-0.382806 0.531444 0.540004 -0.288499 
-0.783758 0.915468 0.808892 0.903247 
-0.620812 -0.352302 0.58643 -0.378704 
-0.0178084 -0.194428 0.0423487 -0.201809 
-0.631267 0.0879598 0.0861212 -0.624397 
-0.241492 0.436541 0.447979 -0.240251 
0.73701 0.895374 0.889887 0.743242 
0.215561 0.957984 -0.251362 -0.962517 
0.885519 0.273973 -0.878661 -0.262905 
-0.41157 -0.0848894 0.405922 0.0666529 
-0.724608 -0.349303 0.318362 0.739078 
-0.0335591 -0.869199 0.8684 0.00995593 
-0.688343 -0.349972 0.380166 0.673547 
-0.395113 0.609561 0.618906 0.404608 
-0.596556 -0.412807 -0.413353 0.561946 
-0.698574 0.676776 0.667904 0.721463 
-0.614269 0.985601 0.622576 0.987298 
0.658159 0.168847 -0.65088 0.155972 
-0.435318 -0.00898991 0.434458 -0.0302636 
-0.137905 -0.809324 -0.124466 0.797057 
0.61296 -0.37889 0.624565 0.378988 
0.777986 -0.448816 0.770991 0.470179 
0.00438088 0.0501957 -0.0523534 0.023698 
0.682073 -0.317715 0.277862 -0.690783 
-0.731271 -0.946857 0.959193 0.722673 
0.619724 0.577044 -0.644487 -0.549856 
0.233911 0.814887 -0.238827 -0.832055 
-0.749152 0.0545833 0.72636 -0.0730929 
0.604057 -0.342757 -0.304128 0.610981 
0.720901 0.594479 0.622388 0.719629 
0.339731 0.727401 0.721207 0.329902 
0.340453 -0.41655 0.422932 -0.340442 
-0.725421 -0.176642 0.147754 0.723305 
-0.598211 -0.891787 0.894034 0.600774 
-0.212967 0.0275074 0.203367 0.0152783 
-0.846593 -0.869455 0.845565 0.872621 
-0.487775 0.493246 0.493621 -0.488159 
0.256192 -0.892004 -0.289339 -0.898203 
0.856057 -0.413885 -0.861586 -0.383066 
-0.448923 -0.181738 0.417077 -0.215618 
-0.224796 0.903235 -0.906361 -0.284909 
0.926113 -0.371713 0.338187 0.918995 
-0.302953 -0.214466 0.253259 -0.272535 
0.00478203 0.993526 -0.83325 -0.893821 
0.0684537 -0.0943335 0.119202 -0.025798 
0.997643 -0.0632999 0.539894 -0.447682 
-0.204885 -0.591641 -0.17864 -0.581135 
0.331161 0.799679 0.309418 0.797957 
0.921062 0.102341 0.933996 0.159833 
0.524275 -0.95221 0.546396 0.944365 
0.740883 0.135362 0.723611 -0.18183 
0.419795 -0.273813 0.421708 0.274068 
-0.797743 -0.135774 -0.77359 0.160949 
-0.239908 0.401309 -0.223664 -0.397798 
0.553217 -0.905824 0.592902 0.903245 
0.537739 0.975853 0.981627 0.521675 
0.471439 0.137303 0.152297 0.461974 
-0.698986 0.16988 0.114951 -0.717241 
-0.461468 -0.214103 -0.444797 -0.225333 
0.700862 -0.170371 0.686459 -0.214133 
0.543912 0.961839 0.575265 0.950459 
-0.950289 0.245764 -0.260507 -0.955138 
0.215369 -0.882722 0.883703 0.181132 
0.224872 -0.400503 0.388851 0.234312 
0.17342 0.371669 0.374329 -0.174282 
0.974253 -0.428575 -0.472782 -0.976065 
-0.144073 0.82352 0.797719 0.130088 
0.0926243 0.336304 -0.357265 0.0951606 
-0.956323 0.326888 -0.290049 -0.952162 
0.277249 -0.883201 0.887825 0.290399 
-0.529119 0.221396 -0.531496 0.251356 
-0.0202608 -0.641658 -0.0228056 -0.634187 
0.848305 0.734343 0.846754 0.731182 
-0.712243 -0.0233239 -0.0327316 0.691547 
-0.490191 0.000950884 -0.0712717 0.459761 
-0.502417 0.999728 0.99692 0.557119 
-0.0335196 0.823522 -0.0136794 -0.818527 
-0.0537611 0.317988 -0.0448415 -0.323349 
0.997991 -0.469782 0.9989 0.474826 
0.561044 0.934457 -0.568362 -0.938883 
0.578678 0.22577 -0.56524 -0.220299 
-0.591914 0.275351 0.597887 -0.264512 
-0.0618572 0.0479002 0.0641394 0.0491606 
0.583912 -0.99342 -0.587042 -0.993073 
-0.809457 -0.104025 0.807012 -0.106725 
0.827249 -0.728535 -0.715651 -0.841592 
0.00249278 -0.644847 -0.652374 -0.0489263 
0.561831 0.231105 0.249501 -0.537893 
-0.0897249 0.599501 -0.0544065 0.564049 
-0.70855 0.0143121 -0.706988 0.0699767 
0.699933 0.800246 0.70513 0.822771 
-0.398764 0.364917 0.400013 0.398059 
-0.916037 0.315861 0.349732 0.917055 
-0.0431585 0.875824 0.847158 0.0236651 
0.635756 -0.275346 0.276272 0.647282 
0.638349 0.138253 -0.0936628 0.649262 
0.433964 -0.951352 0.956505 0.399356 
0.374064 0.43277 0.715864 -0.163877 
0.00908209 -0.843399 -0.690878 -0.811398 
-0.927358 0.318416 0.101126 0.56105 
0.252925 0.948419 -0.283341 -0.954457 
0.286831 -0.0950804 -0.275556 0.101793 
-0.92399 -0.302426 0.918578 0.280447 
-0.459553 0.0596467 -0.100138 -0.486747 
0.628223 0.257721 -0.231444 0.620601 
0.627811 -0.964377 0.967681 0.614761 
-0.133651 -0.704897 0.109177 0.714041 
0.0679072 0.597873 -0.0237744 -0.566661 
-0.988699 -0.381665 0.993738 0.411146 
-0.391039 -0.517975 0.378007 -0.536025 
0.277294 0.147108 -0.269443 0.132849 
-0.877608 0.842651 0.885727 0.833684 
0.267111 0.0297662 -0.0786358 -0.205402 
-0.81886 -0.0134351 -0.0958025 0.799274 
-0.508054 -0.999467 0.992289 0.564775 
-0.343785 0.545611 0.543859 0.33374 
0.939036 -0.274533 -0.311629 -0.942123 
-0.0048531 0.791796 0.779169 0.0319569 
0.214682 -0.751942 -0.192996 0.752796 
0.807301 0.56905 -0.811386 -0.559684 
-0.549706 -0.332815 0.55173 0.346487 
0.404891 0.104221 0.0671864 0.389695 
0.743121 -0.11477 -0.138487 0.715507 
0.532762 0.98791 0.988083 0.579816 
-0.622462 -0.0134354 -0.586008 -0.029754 
-0.222056 -0.938008 -0.239919 -0.943113 
0.750488 0.346353 0.773972 0.33114 
-0.755193 0.108255 -0.746853 0.131846 
-0.0949167 0.338626 -0.0472085 0.350598 
0.648594 0.934673 0.663311 0.927199 
0.72928 -0.866983 0.710394 0.863563 
0.631488 -0.00656907 0.660834 0.0130011 
0.263391 0.498295 0.242152 -0.504073 
0.714732 0.276558 0.319785 0.686493 
0.604066 0.800323 0.790413 0.613179 
-0.35251 0.531977 0.52248 -0.390819 
0.364403 0.982654 0.306503 0.977019 
0.779095 0.144462 0.807386 0.161556 
0.510119 0.116287 0.504166 0.139046 
-0.61951 -0.429418 -0.445688 -0.623949 
-0.0663346 -0.879003 -0.867972 -0.0590067 
0.782181 0.207252 0.219058 0.779234 
0.962908 0.0840228 0.864407 0.814139 
-0.240045 0.406969 0.0569043 -0.459081 
0.12323 0.909569 0.499562 -0.35556 
-0.516517 -0.469915 0.487251 -0.498623 
-0.780827 0.686234 0.783838 0.690496 
-0.351454 0.555214 0.384947 0.524014 
0.301607 -0.983969 -0.367999 -0.987854 
0.361381 -0.104683 -0.32859 -0.0995994 
-0.882291 0.144384 0.869831 0.119269 
-0.00181948 0.98264 0.794468 0.899982 
0.241157 -0.183584 -0.296056 -0.0494923 
-0.970484 -0.0267487 0.530257 -0.433109 
0.0518972 -0.747462 0.0293424 -0.768714 
-0.306456 -0.531904 -0.308131 -0.511691 
0.950469 0.397968 0.950891 0.383733 
-0.125124 -0.309873 -0.330536 0.0944957 
0.806727 0.063059 -0.00275004 -0.822762 
-0.577526 0.948684 0.94379 0.560476 
0.705195 -0.285602 -0.278623 -0.695664 
-0.690929 0.171512 0.185183 0.693144 
-0.159111 0.942876 0.942378 0.188686 
-0.847918 0.535859 0.526713 0.848707 
-0.180233 0.82494 0.826127 0.184268 
0.498549 0.179804 0.200219 -0.495724 
0.602926 0.803928 -0.579143 -0.811377 
0.791927 0.10537 -0.803515 -0.134912 
-0.096603 0.585318 0.137685 -0.568741 
-0.812218 0.902834 -0.894287 -0.833449 
0.198512 0.203897 -0.21659 0.204891 
-0.548539 -0.378572 0.391586 -0.513208 
-0.969231 -0.503553 0.54111 0.959087 
0.0297737 -0.852618 0.826691 -0.0739294 
-0.244346 -0.139557 0.154214 0.27329 
-0.14652 -0.0818748 0.0419141 0.152316 
-0.82796 0.0110082 -0.113538 0.7943 
-0.541308 -0.996582 0.992649 0.588122 
-0.820742 -0.112281 0.0825862 -0.821622 
-0.325329 0.585463 -0.57887 -0.344211 
0.469621 -0.802886 0.811227 0.454375 
0.955322 -0.738613 0.948682 0.747989 
-0.21443 -0.481475 -0.221649 0.489113 
0.203419 0.471839 0.225553 -0.448643 
0.304046 0.118165 0.0892121 0.290714 
-0.894903 -0.189345 -0.123387 -0.882596 
0.326657 0.974775 0.98834 0.369472 
0.397474 -0.535433 -0.532098 -0.421688 
-0.866187 0.537446 0.541625 0.858721 
0.302876 0.651509 0.65078 -0.291165 
0.603733 0.958825 0.557718 0.96268 
-0.271102 0.282236 -0.306234 0.264536 
0.749674 0.0315689 0.771474 0.0571714 
-0.822384 0.00781938 -0.0267352 0.798168 
-0.284379 0.00301047 -0.0347797 0.283233 
-0.492761 -0.999965 0.999037 0.531702 
0.498003 0.0571316 0.0191722 -0.496735 
0.325517 0.522054 0.509509 -0.344759 
-0.803761 0.850997 0.860252 0.796489 
-0.332648 -0.627236 0.640761 -0.337878 
0.45482 -0.467219 0.452326 0.451311 
0.826126 -0.623122 0.620344 0.825928 
-0.880927 -0.818263 0.861882 0.843074 
0.288256 -0.534446 -0.30256 0.506726 
-0.375335 0.211691 0.40696 -0.180154 
0.053049 0.869145 0.103814 0.882801 
0.34304 0.367425 0.333465 0.352685 
0.937822 0.331037 0.937029 0.310283 
0.791218 0.572055 0.603827 0.780089 
0.213644 0.78157 0.762488 0.216851 
-0.573002 0.2488 0.232388 -0.586887 
-0.552488 -0.443984 0.414054 -0.579941 
0.726487 -0.795699 0.819293 0.709908 
0.408625 -0.411997 0.396633 0.399623 
-0.156131 0.835898 0.846932 0.156909 
0.752545 -0.546911 -0.530326 -0.739413 
0.639764 0.0465082 0.0382166 -0.654712 
0.133782 -0.655477 0.671815 -0.131249 
-0.747756 -0.181645 0.158149 0.749353 
-0.650356 -0.733045 0.723639 0.649033 
0.803554 -0.0423304 0.710894 0.693404 
-0.59506 -0.0568702 -0.484245 -0.529409 
-0.0142915 0.997484 0.510036 -0.488791 
0.28467 -0.807593 0.285665 0.819426 
-0.95415 0.198866 -0.948228 -0.201927 
0.092525 -0.555199 0.138777 0.536439 
0.955993 -0.214468 0.224502 0.954814 
0.229961 -0.879434 0.874637 0.241459 
0.182193 -0.424969 0.429662 0.173284 
-0.499348 0.414415 0.395615 -0.516374 
0.815653 0.624842 0.628342 0.802657 
0.292165 0.661689 0.669832 0.298496 
-0.654235 0.221767 0.659693 0.204381 
-0.544715 0.937344 0.545329 0.93731 
-0.524654 -0.268709 0.517128 -0.282273 
0.271814 0.231033 0.23297 0.251861 
0.0660952 -0.849131 0.0088899 -0.85058 
0.960077 0.474973 0.972443 0.461606 
-0.749598 0.264231 -0.751763 -0.284868 
-0.128219 -0.744328 -0.1534 0.730666 
0.649356 -0.613317 0.641343 0.620465 
-0.61953 0.381666 0.616022 -0.371814 
-0.640293 -0.784443 0.632286 0.785875 
-0.454102 -0.488856 0.46982 0.494121 
0.947896 -0.504838 -0.944049 -0.50051 
0.201244 0.618892 -0.183616 0.669395 
-0.246971 0.601757 0.273965 0.548999 
-0.105195 -0.12271 0.103702 -0.12599 
-0.0233161 -0.822216 0.0391188 -0.826422 
-0.994178 0.555791 0.993839 0.548775 
-0.954109 0.224226 -0.229773 -0.948233 
-0.177437 0.861276 -0.840905 -0.185158 
0.241232 -0.455989 0.489982 0.258012 
-0.290316 -0.395315 0.378398 -0.290841 
0.169772 -0.777245 0.79321 0.207271 
0.941751 -0.489506 0.477109 0.934051 
-0.252961 0.208694 0.223178 -0.222332 
0.604858 0.975664 -0.629949 -0.971368 
-0.755088 0.0672793 0.743879 -0.0837402 
-0.284962 -0.733526 0.752373 0.280776 
0.449227 0.679588 -0.658695 -0.428699 
-0.846754 -0.0100375 0.0074178 0.85871 
-0.458333 -0.0591365 0.0577054 0.484992 
-0.778764 -0.0502494 0.000926257 0.73613 
-0.428319 -0.996984 0.998333 0.472118 
-0.0469117 0.283734 0.11772 0.310758 
0.12688 0.762011 -0.120375 0.765369 
-0.990808 0.582094 0.985724 0.563595 
0.763616 -0.527599 0.535292 0.777847 
0.566114 -0.552768 0.568232 0.525782 
-0.310492 -0.645048 0.62496 -0.344249 
0.185977 0.101964 -0.193749 -0.110094 
0.480514 0.994783 -0.477362 -0.993909 
-0.85704 0.00330328 0.85708 0.00491752 
0.307707 0.875457 -0.299177 -0.891628 
0.0564043 -0.395437 -0.0515396 0.367354 
-0.949808 -0.277856 0.952805 0.26467 
-0.128849 -0.342631 0.34516 -0.164885 
0.989518 -0.449965 0.492502 0.982042 
0.0652121 -0.824703 0.798941 0.0916895 
0.0443038 -0.385103 -0.0546874 -0.371098 
0.967159 -0.663817 -0.968542 -0.659213 
-0.250282 -0.641126 0.242765 -0.654007 
-0.851999 -0.735595 -0.733373 -0.862128 
-0.251242 -0.431596 -0.439628 -0.231048 
-0.459321 0.522135 0.518547 -0.450946 
-0.0018608 0.800873 -0.284525 -0.80023 
0.0153955 -0.469902 -0.0260851 0.520228 
-0.99988 -0.371206 0.958314 0.298321 
0.285456 -0.973164 0.260214 0.966298 
0.696768 -0.190684 0.703558 0.18837 
0.65805 -0.128808 0.661283 0.175457 
0.0352752 0.674685 0.0926445 0.68738 
-0.0922655 0.532779 -0.078682 0.542774 
0.995109 0.51083 0.992586 0.482603 
0.122033 0.486712 -0.491939 0.101705 
-0.711762 0.870482 -0.865908 -0.708263 
-0.691739 -0.0732923 0.0905525 -0.698584 
-0.139868 -0.0553086 -0.183719 -0.0302699 
0.244905 -0.714306 0.256752 -0.702388 
0.959405 0.697644 0.948855 0.711151 
-0.747638 0.910548 0.757227 0.915639 
0.0516045 0.286659 0.00281839 0.270708 
-0.662098 -0.297876 0.653146 -0.297192 
-0.789335 -0.0102483 0.0480752 -0.783288 
-0.360854 -0.0213588 -0.0255202 -0.324643 
0.496724 0.999719 0.998518 0.530158 
-0.179677 0.777077 0.12658 -0.79431 
0.323063 0.207387 -0.266499 -0.21125 
-0.929164 -0.594257 0.955487 0.569601 
0.697119 0.258695 -0.235897 0.705846 
0.679959 -0.948933 0.963424 0.656792 
0.227333 -0.180562 0.127146 0.265341 
-0.828487 -0.749808 0.741981 0.812197 
0.547914 -0.0720547 0.0694876 -0.575774 
0.115754 -0.657721 0.66681 -0.0939181 
0.392604 0.564621 -0.383911 0.543957 
0.118923 0.222393 -0.129576 0.227765 
-0.911986 0.794823 0.914233 0.80761 
0.138027 -0.0382025 -0.0315707 -0.145798 
-0.83134 -0.0605788 -0.0988858 0.802964 
-0.538352 0.997432 0.994598 0.577921 
-0.178323 -0.818245 0.222208 0.822008 
-0.511572 -0.570894 0.511561 0.568582 
-0.840533 -0.067492 0.830018 0.031902 
0.248954 -0.934378 0.241832 0.932242 
0.246906 -0.266352 0.220645 0.283961 
0.936514 -0.236632 0.944899 0.224257 
-0.867757 -0.686158 0.692505 0.859758 
0.195364 0.542969 -0.539662 -0.22845 
0.45698 -0.484119 0.47875 -0.456757 
-0.360285 -0.557262 0.527267 -0.403998 
0.808441 -0.483135 0.478391 0.773428 
0.465423 -0.675308 0.702233 0.488461 
0.102428 -0.87442 -0.867208 -0.0922423 
0.788738 -0.482487 -0.496275 -0.79733 
-0.606136 0.0509526 0.0407607 0.596453 
0.824287 0.46154 -0.795559 -0.466204 
0.33779 -0.542647 -0.366472 0.554861 
-0.454367 -0.701794 0.482478 0.689045 
-0.514089 -0.425266 0.445353 0.508092 
-0.206873 0.767775 -0.74561 0.191225 
-0.832416 -0.479239 0.495708 0.839807 
-0.352716 -0.538332 0.348354 -0.563233 
0.0352155 0.284002 -0.0646945 0.30999 
-0.935067 0.793437 0.935128 0.765947 
0.165755 0.936771 -0.937827 -0.196899 
-0.77076 -0.333318 0.332822 0.766476 
-0.615186 -0.10658 0.0985404 0.611348 
0.0915984 -0.869589 0.049794 0.849229 
-0.324443 -0.102183 -0.29485 0.115293 
0.94146 -0.483088 0.954245 0.515284 
-0.379226 0.0116665 -0.0124242 -0.40408 
-0.819493 0.0554816 -0.0771307 -0.805098 
0.429674 -0.998392 0.996944 0.434209 
-0.520351 0.120764 0.0960918 0.530496 
0.840103 -0.290099 -0.351619 -0.830772 
-0.153171 0.949347 0.931198 0.168502 
-0.322967 0.556263 0.545487 0.313238 
0.32901 -0.827763 -0.835803 -0.327374 
-0.887381 0.0733481 0.0622717 0.891464 
-0.0458906 -0.851393 -0.0344924 -0.844922 
-0.0172623 -0.183263 0.0851516 -0.212191 
-0.998797 0.491472 0.995771 0.491002 
-0.445241 -0.751935 -0.743028 -0.451112 
-0.76356 -0.472939 -0.504498 -0.749297 
-0.467692 0.459262 0.439763 -0.484822 
-0.669301 -0.661102 -0.652665 -0.666258 
-0.742606 -0.111814 -0.111933 -0.745322 
-0.0239131 0.741918 0.749333 -0.0243811 
-0.17299 -0.530605 0.55671 0.172022 
-0.967972 -0.283775 0.237958 0.960013 
-0.181949 -0.798705 0.795896 0.220871 
-0.317649 0.0134164 0.0418425 0.366294 
0.857852 0.00235952 -0.192633 -0.872675 
-0.403967 0.999907 0.980378 0.322903 
0.932245 -0.171936 -0.929773 -0.203705 
-0.325743 0.982169 0.329836 0.976508 
-0.157515 -0.0760386 0.163491 -0.0702615 
-0.973197 -0.398135 -0.433081 -0.983728 
-0.0348143 0.678709 0.670454 -0.0457855 
0.227323 0.617124 0.602439 0.173732 
0.180674 0.174466 -0.152963 -0.201278 
-0.947613 -0.248719 0.948015 0.213548 
-0.263414 -0.952733 0.279051 0.955973 
-0.0120371 0.820267 -0.0316902 0.825562 
-0.0513609 0.282905 0.0669785 0.238097 
-0.998608 0.497118 0.997251 0.511621 
0.715356 -0.0623334 -0.702225 0.086803 
0.646424 0.450207 -0.647745 -0.463832 
-0.265332 -0.890746 0.295477 0.88166 
0.788309 -0.750334 -0.818806 -0.744246 
-0.609867 -0.129586 0.572946 -0.150132 
-0.0814334 -0.648233 0.0359177 -0.650814 
0.0431521 0.212239 0.258881 -0.0752082 
0.285355 0.675862 0.652774 -0.255472 
-0.95745 0.705808 0.711946 0.963887 
0.749405 0.510156 0.731667 0.521472 
-0.313048 0.684437 -0.315295 0.660274 
0.583433 0.520852 0.604362 0.540468 
-0.886906 0.119326 -0.0573834 -0.868916 
-0.456974 0.808959 -0.830256 -0.488355 
0.0676162 -0.575627 0.55442 0.0805869 
0.382491 0.345082 0.385005 0.32074 
0.561128 0.9077 0.596613 0.915908 
0.734054 -0.238745 0.704148 -0.241325 
-0.494299 0.0241629 -0.0170125 0.507031 
0.688957 -0.00318421 -0.0331195 -0.712273 
-0.530101 -0.999703 0.999307 0.485372 
