-0.482964 0.354802 -0.348169 0.486542 
0.865238 0.322417 -0.338498 -0.859423 
-0.134572 -0.877589 0.874184 0.157066 
-0.0820115 -0.00366307 -0.0324653 -0.09357 
0.9653 0.00442515 -0.00776057 0.960144 
0.247933 -0.999983 0.999443 0.263379 
-0.222416 -0.996754 -0.995724 -0.212244 
0.824937 -0.0240874 -0.000907999 0.826037 
0.519625 0.0768164 0.0923783 0.522126 
0.387087 0.578696 -0.407993 -0.58532 
-0.58433 0.595645 0.582207 -0.610345 
-0.713248 -0.557062 0.703261 0.533741 
0.147691 0.699002 -0.140116 -0.703244 
-0.275389 -0.714717 0.277741 0.709888 
-0.94992 0.0239892 0.950383 -0.0388077 
-0.52036 -0.628124 0.496811 -0.633004 
-0.186452 -0.228376 0.20158 -0.239158 
-0.833343 0.743844 0.844124 0.736281 
0.906878 -0.0294249 0.0390345 0.913726 
0.395033 -0.779623 0.792324 0.383916 
-0.146704 -0.625557 0.60885 -0.133093 
0.255067 0.509667 -0.278129 0.479559 
-0.897508 0.670457 0.888024 0.673554 
-0.35975 -0.539191 0.366138 -0.562449 
-0.710324 -0.528557 0.708674 0.530139 
0.487263 0.501281 -0.47153 -0.507865 
-0.507952 0.685087 0.524825 -0.678988 
0.558198 -0.531104 0.507932 -0.533476 
0.234713 -0.367791 0.396393 -0.23248 
-0.795817 -0.763321 0.764773 0.813238 
-0.979642 -0.399962 -0.416141 -0.974371 
-0.196248 0.797577 0.781997 -0.218722 
0.0422872 0.451554 0.464012 0.0525484 
-0.101301 -0.922648 0.912317 -0.104918 
0.961771 -0.248481 0.292302 0.96067 
0.254431 -0.294922 0.286771 0.257109 
0.156439 0.3024 0.334621 0.143633 
0.610308 -0.578334 -0.606149 0.594273 
0.776563 0.757684 0.721535 0.791334 
-0.752436 -0.81685 -0.758796 -0.806977 
-0.440119 0.201321 -0.423101 0.175561 
0.490036 -0.540579 0.495191 -0.563886 
-0.563247 0.354971 0.563389 0.366463 
-0.189814 0.919728 0.194719 0.917058 
-0.804191 -0.167617 0.802918 -0.157191 
-0.0484693 -0.220022 0.206646 -0.0816259 
-0.942342 -0.0696272 0.0559523 -0.938326 
0.331122 -0.973007 0.976815 0.335978 
-0.00292078 -0.118841 -0.123352 -0.0340791 
-0.392886 -0.769438 -0.743786 0.447129 
-0.919582 0.627568 0.656937 0.89382 
-0.307267 0.0136706 -0.0438561 -0.305498 
0.890424 0.0884543 -0.117919 0.884532 
0.335756 -0.995986 0.992054 0.352525 
0.65356 -0.790893 -0.791571 -0.649684 
0.756847 0.368029 0.366918 -0.758752 
-0.00654799 0.488921 0.488658 0.0469608 
-0.758547 -0.0852181 -0.766941 0.0706968 
0.0255911 0.87041 0.0194991 -0.854856 
0.651115 -0.484896 0.641422 0.514027 
-0.48177 0.881068 -0.889013 -0.51526 
0.719768 0.422259 -0.417965 0.698733 
0.499832 -0.213111 0.186981 0.496266 
0.151931 0.150359 -0.136404 0.173126 
-0.656033 0.903489 0.640886 0.903318 
-0.739282 -0.401372 0.75542 -0.392483 
0.397476 0.110308 -0.408716 0.106035 
-0.809429 -0.177318 0.816593 -0.122513 
-0.432248 0.977952 0.407586 0.986786 
-0.59615 -0.0168193 0.00530087 0.587563 
0.508861 0.925949 -0.926905 -0.525115 
0.62102 -0.377274 0.375258 -0.61565 
-0.35427 0.0562651 0.0556234 -0.387656 
-0.276326 0.815638 0.822523 -0.266381 
0.893385 0.57582 0.566006 0.882476 
0.253114 -0.3726 0.388873 0.235053 
-0.95184 -0.00817109 0.00117313 -0.954613 
0.173013 -0.927956 0.921291 0.182932 
-0.718428 0.456918 0.453394 -0.743558 
0.0805182 0.142067 0.142389 0.0982609 
0.690925 0.87809 0.879863 0.661412 
0.354976 -0.258888 -0.293427 -0.375885 
-0.932367 0.132921 0.0918023 0.924247 
-0.0684353 0.956718 0.951563 0.0669176 
-0.47081 -0.873204 0.470081 0.884238 
-0.52083 0.46849 0.514199 -0.45457 
-0.712091 -0.134281 0.717372 0.107189 
-0.938962 -0.0068434 -0.139381 0.917047 
0.16818 0.00464587 -0.109381 -0.123715 
-0.30011 -0.999966 0.984179 0.379104 
0.224281 -0.0667826 0.0250447 0.260953 
0.760976 0.408589 -0.442854 0.72357 
0.608781 -0.910272 0.896244 0.639022 
0.574115 -0.0464196 0.014973 -0.570264 
0.71997 -0.10945 0.13159 -0.73478 
-0.389917 -0.992908 0.991191 0.367283 
-0.138246 0.403345 -0.394885 -0.144292 
0.372888 0.767141 -0.75862 0.362829 
0.91752 -0.498805 0.518229 0.920617 
-0.545291 -0.658664 0.548104 0.678272 
0.499469 0.519353 -0.473807 -0.518734 
-0.673193 0.544458 0.689267 -0.520444 
0.0768848 0.556111 0.125144 0.54392 
0.350969 -0.694588 0.340503 -0.701218 
0.933225 0.456386 0.931878 0.460917 
0.94854 0.0973293 0.0897937 -0.936978 
-0.13471 0.279572 0.267522 0.149468 
-0.286574 0.955179 0.959359 0.315802 
-0.553212 0.807423 -0.566003 -0.797215 
0.654773 0.504636 0.65103 -0.525875 
0.515003 -0.305631 0.505767 0.296486 
0.914067 -0.368748 -0.376061 -0.908142 
-0.349675 -0.630704 -0.644205 0.356057 
-0.205448 0.682816 0.666017 0.220228 
0.797848 0.0476674 0.806262 0.0270062 
-0.601895 -0.461802 -0.589689 -0.472201 
0.034077 -0.885701 0.0469956 -0.881077 
-0.186711 0.659416 0.609782 -0.209164 
-0.764324 -0.716432 -0.751343 -0.731966 
-0.61721 0.227807 0.252289 -0.648441 
-0.20927 -0.199021 -0.206432 0.195095 
0.120206 -0.969159 0.157069 0.968917 
0.970441 -0.145333 0.965772 0.152113 
0.885394 -0.134209 -0.0952827 0.894061 
0.431255 0.446956 0.442229 0.408863 
0.173483 0.884431 0.891826 0.182991 
-0.593635 0.720143 0.59541 0.707147 
-0.540522 -0.627753 0.550074 -0.632136 
-0.596182 0.2955 0.585581 0.316776 
-0.284917 0.0418847 -0.0333797 -0.288524 
-0.755491 -0.361493 0.355112 -0.775531 
0.589962 -0.931434 0.934228 0.561521 
0.252197 0.815135 -0.241557 0.814693 
0.608819 -0.00767508 -0.597566 -0.0209796 
-0.752154 0.57922 0.764569 0.579512 
0.178899 -0.134998 -0.154801 0.157632 
0.838266 0.751562 0.746101 0.835917 
-0.515078 0.645702 0.647587 -0.525733 
-0.945991 0.0939565 -0.945569 0.0569833 
0.302294 0.824195 0.312007 0.844305 
0.117126 0.558457 0.0924721 0.532824 
0.183345 0.990112 -0.194886 -0.988131 
0.345082 -0.11129 -0.360189 0.103524 
-0.920491 -0.0854037 0.912296 0.113487 
-0.160035 0.399052 0.38766 -0.175427 
-0.872548 0.0724331 0.0896048 -0.879619 
0.461571 0.914063 0.917437 0.442148 
-0.524152 0.58961 -0.579473 0.536646 
0.486593 0.747565 -0.759997 -0.481348 
-0.698922 -0.305789 0.294306 0.693048 
0.845873 0.00211679 -0.0435488 0.830917 
-0.510949 0.278216 -0.215206 -0.524113 
0.153068 -0.960516 0.975597 0.18677 
-0.818039 -0.327487 -0.280554 0.829706 
0.254327 -0.716361 -0.712127 -0.231154 
-0.515879 0.6161 0.643556 0.508091 
0.00445331 0.388695 -0.391007 -0.00492343 
-0.155894 0.912693 -0.912881 -0.154453 
0.987764 -0.126129 0.117306 0.987988 
0.104794 -0.329581 -0.0441043 0.361082 
0.181266 0.939694 -0.180035 -0.926032 
-0.977835 -0.0913857 0.982671 0.109931 
0.0533172 -0.674796 0.0766432 0.670146 
-0.504794 0.707161 -0.52025 -0.716358 
0.861592 0.211123 0.850568 -0.194256 
-0.515158 -0.23725 -0.511808 0.246708 
0.793734 -0.744376 0.796051 0.738423 
0.323418 0.624193 0.323041 -0.627587 
0.317557 0.209114 -0.310754 0.177481 
-0.784967 -0.275453 0.762174 -0.289013 
-0.531962 0.938295 0.567911 0.940729 
0.334077 -0.703707 -0.332532 -0.692155 
-0.417446 0.649756 0.38716 0.670018 
-0.845063 -0.287424 0.859959 -0.268325 
-0.406193 0.446951 -0.425522 -0.486449 
-0.0715219 -0.88568 -0.0734167 0.86431 
0.910984 -0.125721 0.901965 0.127809 
-0.521181 0.00939484 0.0119998 -0.496438 
-0.702864 -0.260844 0.240704 -0.738648 
0.4841 -0.965335 0.970524 0.456013 
-0.0962997 -0.00576242 -0.122126 -0.0279041 
0.152712 0.936783 0.118212 -0.928393 
0.983568 -0.349863 0.98545 0.37055 
-0.973464 0.294374 0.978259 0.309337 
-0.139521 0.51909 0.144821 0.516234 
-0.181389 -0.802427 0.148447 -0.798632 
-0.752431 0.0243062 0.00654894 -0.750821 
0.585266 0.0259005 0.00570111 0.607058 
0.302179 -0.999369 0.999962 0.260285 
-0.315372 0.0366386 -0.0418581 -0.281639 
0.591786 0.604351 -0.61003 0.583286 
0.741842 -0.795875 0.791272 0.761877 
0.362497 -0.936939 -0.377631 -0.926904 
-0.804273 -0.268478 0.801344 -0.266694 
-0.470893 0.223752 0.463943 0.264053 
-0.0717603 0.951395 0.936504 0.0530604 
-0.89532 0.0634459 0.0666247 0.899664 
-0.439604 0.301367 0.344269 0.433348 
0.094243 -0.747522 -0.164848 -0.748439 
0.0809133 -0.643692 0.0110319 -0.647255 
-0.992256 0.163924 0.986257 0.144568 
0.874407 0.0583525 0.136005 -0.909728 
0.422671 0.0111743 -0.947737 -0.324923 
-0.238246 -0.998233 0.288613 0.258495 
0.181895 0.0337811 -0.0445226 -0.167499 
0.946243 0.508248 -0.475909 -0.957974 
0.267466 -0.860548 0.878367 -0.232872 
0.744311 0.288217 -0.732577 0.290122 
0.523527 -0.123701 -0.525642 -0.115075 
-0.414634 0.949541 0.432471 0.950046 
-0.710778 0.153077 -0.164553 0.699701 
-0.697992 -0.491738 0.487783 0.713803 
-0.087189 -0.857182 0.857315 0.0300657 
0.0459486 0.0695764 -0.0795536 -0.0453739 
0.140352 0.994904 -0.1536 -0.993523 
-0.989035 -0.0729675 0.984926 0.104175 
-0.907356 -0.63677 0.599721 0.916621 
-0.420315 0.71939 -0.745058 0.39914 
-0.00638221 -0.277491 0.291929 0.0222123 
0.674536 -0.744407 0.663119 0.763383 
0.194052 0.65265 0.217633 -0.627106 
0.712282 0.141087 0.716177 -0.154872 
0.185558 0.127549 -0.0776787 -0.192202 
-0.908761 0.135102 -0.158008 0.899594 
-0.373793 -0.982588 0.984378 0.392159 
0.703866 0.470971 -0.688274 0.449386 
0.55532 -0.31422 -0.53587 -0.288729 
-0.442935 0.824289 0.489002 0.845392 
-0.673709 -0.0885584 0.0845417 0.644531 
-0.633641 0.268825 -0.257655 0.658489 
-0.380283 -0.959109 0.962531 0.388551 
0.13884 0.661743 -0.169112 0.655968 
0.381658 0.442338 -0.385848 0.455809 
-0.913817 0.605337 0.90693 0.601617 
0.547183 -0.941052 -0.930488 -0.563024 
-0.57755 -0.0915358 -0.080282 0.548147 
0.605827 0.325642 0.357417 -0.618498 
-0.613352 0.0479867 0.0687305 0.578424 
0.788641 -0.173738 -0.140293 -0.808699 
-0.042954 0.983622 0.987722 0.106922 
0.517078 0.295555 -0.292976 -0.564021 
0.643732 0.719648 -0.724634 -0.609088 
0.564127 -0.628294 0.623755 -0.557577 
0.242473 -0.0351211 -0.19003 0.0305751 
-0.828202 0.24085 0.85326 -0.241839 
-0.505261 -0.969927 0.48563 0.969835 
-0.610145 -0.166498 -0.570489 -0.181854 
-0.781097 -0.351301 -0.806323 -0.368852 
0.132701 -0.921339 0.156156 -0.911525 
0.232923 -0.806719 0.245167 0.8052 
-0.394844 0.561061 -0.41664 -0.559608 
0.888732 0.185513 0.875388 -0.196193 
-0.298473 -0.151266 -0.146017 -0.319 
0.858327 -0.21455 -0.208604 0.857158 
0.417359 0.964929 0.967038 0.404375 
0.638087 0.830403 -0.63615 -0.845549 
-0.721911 0.493825 0.723305 -0.475785 
-0.26775 -0.258006 0.268593 0.242228 
0.588728 0.145318 -0.160159 0.62532 
-0.80811 0.453393 -0.465197 -0.780355 
-0.0189008 -0.879385 0.870598 -0.0046509 
-0.0654471 0.605662 -0.0497339 0.63054 
0.543915 -0.486019 0.52231 -0.461527 
0.836584 0.630047 0.851304 0.624029 
0.627844 0.519518 0.620067 -0.499979 
-0.614182 0.228325 -0.602638 -0.253681 
0.478114 -0.823389 0.502339 0.82805 
0.594169 -0.904069 -0.908029 -0.58336 
-0.34926 -0.37357 -0.371305 0.345636 
0.724556 0.207618 0.193948 -0.735001 
-0.204321 0.0425018 0.0335294 0.143582 
0.60345 0.614224 0.622156 -0.590322 
-0.77078 0.787986 0.782175 0.794295 
-0.896278 0.00241204 -0.0531732 -0.905021 
0.299928 -0.214815 -0.183501 0.324286 
0.326694 0.976652 0.98158 0.275274 
-0.0196001 -0.246318 0.00111444 0.212795 
0.355221 0.967214 -0.36033 -0.972138 
-0.934577 0.0618476 0.932824 -0.0983127 
-0.386471 0.410321 -0.403853 -0.398445 
-0.814233 0.519041 -0.515451 -0.812868 
-0.433202 -0.749822 0.755786 -0.424839 
-0.872689 0.076045 0.878918 -0.0479462 
0.404773 0.975203 -0.374542 -0.974918 
-0.273079 0.207837 0.295333 -0.217341 
-0.782926 -0.797682 0.813738 0.771216 
-0.616014 0.603077 -0.580345 0.630574 
0.0869109 0.00120765 0.032099 -0.0871907 
-0.710596 -0.0473925 -0.0717689 0.737492 
-0.599732 -0.111752 -0.034917 0.587369 
-0.367933 0.992605 0.99681 0.333321 
0.431063 -0.420893 -0.408373 -0.42311 
-0.795965 -0.344992 -0.366028 0.787748 
-0.424999 0.838945 0.836215 0.447696 
0.949048 -0.492367 0.948739 0.504748 
0.304324 0.526142 0.302818 -0.520896 
0.0818157 0.693361 0.0905261 -0.688401 
0.68176 -0.819397 -0.820687 -0.668096 
0.313168 -0.20207 -0.217075 -0.311614 
0.661157 0.53643 0.528537 -0.675681 
-0.352385 0.154183 -0.35621 -0.125846 
0.58897 0.621999 0.577399 -0.617399 
0.727282 -0.767688 0.73466 0.776518 
0.579964 0.82418 -0.618532 -0.819359 
0.814398 -0.339145 -0.783176 0.353336 
-0.0199375 -0.45355 0.0636679 0.451447 
0.69614 0.51069 0.526897 -0.672934 
0.695829 -0.857056 -0.84838 -0.710584 
-0.176663 0.0681952 0.0512927 0.205501 
0.19217 -0.847744 -0.850863 0.200801 
-0.888564 -0.320387 -0.298589 -0.908526 
0.416564 0.422708 0.432292 0.366413 
0.606298 -0.353043 -0.36087 0.625696 
-0.39145 -0.928191 -0.920084 -0.417589 
0.69222 0.117564 0.152376 0.658881 
0.235316 -0.740085 -0.732226 0.224446 
0.882694 0.187777 0.189218 0.893783 
0.406789 0.645766 0.654249 0.388299 
-0.689973 0.316839 -0.30837 0.675409 
0.720245 0.540976 -0.560426 -0.733859 
-0.0719996 -0.779075 0.768655 0.0726224 
0.196725 -0.913273 -0.19237 -0.907223 
-0.105711 0.405047 0.10437 0.418586 
-0.974743 0.0432337 0.975756 0.0416175 
0.004403 -0.448807 -0.00288345 -0.463074 
0.0102055 0.842729 0.00197246 0.848601 
0.999938 0.297287 0.999994 0.255812 
-0.327711 -0.26244 0.285307 -0.312276 
-0.901603 0.0850003 -0.0541228 -0.897001 
0.282342 -0.961197 0.956907 0.312847 
-0.58686 0.231955 -0.584055 -0.231183 
0.787566 -0.408476 0.783325 0.399076 
0.187973 0.882805 0.212793 -0.887295 
-0.842563 -0.149817 0.176436 -0.814912 
-0.291922 0.955599 -0.951837 -0.29091 
0.452625 -0.253741 0.250754 0.501287 
-0.46131 -0.350936 0.449397 -0.325712 
-0.351043 0.932046 0.348653 0.940801 
-0.814839 0.0901947 0.822486 0.0938375 
0.345554 0.63631 -0.340541 0.654647 
-0.353824 -0.321548 0.354003 -0.321981 
-0.869138 0.701225 0.871042 0.683934 
0.897089 -0.659109 0.904953 0.630596 
-0.43447 -0.742661 -0.417047 0.768984 
0.0804205 -0.118449 0.084445 0.104938 
-0.788722 -0.34753 0.798173 0.358828 
-0.478434 -0.51424 0.482905 0.520668 
-0.386029 0.784079 0.36017 -0.774692 
-0.866391 0.3028 -0.849568 -0.327209 
0.359356 0.693332 0.362922 -0.710228 
0.346742 -0.653913 0.382782 0.623306 
0.945004 -0.0609421 -0.948898 0.0489555 
-0.197163 -0.770417 0.191509 0.784729 
-0.260948 -0.634621 0.250833 0.617903 
0.144311 0.911129 -0.903337 0.154776 
-0.959332 0.411873 -0.42692 -0.957428 
-0.242604 -0.0142944 0.0414958 -0.24367 
0.299891 0.510887 0.298777 -0.524691 
-0.0113382 -0.75135 -0.051604 0.70686 
0.953906 -0.417693 0.952927 0.474392 
-0.119431 -0.975581 -0.959754 -0.0609636 
-0.871097 -0.199363 -0.270366 -0.875575 
-0.476368 0.0921764 0.0759911 -0.47922 
-0.0713528 -0.782388 -0.785326 -0.076849 
0.989046 0.301779 0.268639 0.989692 
-0.129216 0.544792 0.55776 -0.120845 
-0.0642616 -0.701738 0.0585489 0.69441 
-0.0634368 -0.689927 0.0743018 0.699956 
-0.995915 -0.177665 0.995516 0.166903 
0.703681 0.333354 0.687851 0.310152 
-0.685832 0.24952 -0.684767 0.25551 
0.185651 0.909183 0.240738 0.915708 
-0.899583 0.0843023 0.053467 0.878963 
-0.354395 -0.0478051 -0.0959814 0.404748 
-0.255254 0.995293 0.993946 0.252199 
0.644118 -0.853317 -0.857023 -0.649743 
0.616038 0.124897 0.128227 -0.621681 
0.453442 0.506212 0.499069 -0.437433 
0.0741661 -0.472396 0.0473115 0.470896 
0.144547 0.783858 0.18428 -0.791537 
0.986715 -0.403 0.981734 0.389519 
0.0349547 -0.492792 -0.0367156 0.482152 
-0.859738 0.188359 0.844775 -0.210153 
-0.509538 -0.849516 0.533861 0.850509 
0.272911 -0.888324 0.254131 0.875842 
-0.944769 0.162604 -0.945894 -0.13701 
0.18147 0.429465 0.201747 -0.462741 
0.0897364 0.00967491 -0.101333 0.0840512 
-0.974905 0.0160242 -0.0645628 -0.974961 
0.203735 -0.999825 0.992755 0.205881 
-0.469309 0.177717 0.478531 -0.15579 
-0.873003 -0.494523 0.865179 0.529775 
-0.132722 0.850802 0.14991 -0.833707 
0.762453 0.319856 0.341493 -0.757225 
-0.233393 -0.167379 -0.165263 0.249238 
-0.603484 0.932564 0.925241 0.603731 
0.459547 -0.699432 0.464915 -0.68507 
0.884985 0.613953 0.881693 0.619868 
0.0749482 0.365864 0.0804464 0.38268 
-0.355922 0.754328 0.39825 0.759394 
-0.864588 0.195023 0.850768 0.198488 
-0.354692 -0.626862 0.342916 -0.619616 
0.00434179 0.906325 -0.0154162 -0.899743 
0.00325873 -0.35168 0.00593328 0.362623 
-0.999985 -0.234298 0.999864 0.24283 
0.576872 0.0137338 -0.0025538 -0.58826 
0.720957 -0.145176 0.164749 -0.713772 
-0.383979 -0.989311 0.986332 0.380105 
0.857758 -0.00109651 0.032148 0.863789 
0.505661 -0.355567 0.350296 0.500316 
0.0925147 -0.93465 0.936087 0.0596007 
-0.00656956 -0.866936 -0.0254534 -0.887332 
0.996439 0.279827 0.995782 0.270306 
0.0840621 -0.412456 0.0881492 -0.3736 
0.218277 0.435077 0.251464 0.421015 
0.515536 -0.678338 0.501695 -0.681907 
0.8286 0.592086 0.827688 0.598121 
-0.241175 0.395029 -0.449195 0.240069 
-0.888219 -0.0240483 0.00387825 0.881515 
-0.391026 -0.918354 0.893425 0.406568 
0.437859 0.752253 -0.741078 0.395852 
0.099732 0.209225 -0.208582 0.132898 
0.893495 -0.624772 0.638198 0.908647 
0.643484 -0.733004 0.727902 0.656241 
-0.223336 0.52109 -0.523641 -0.197649 
-0.732154 -0.437231 0.442673 -0.728205 
-0.658406 -0.481897 0.461486 -0.633215 
0.282911 0.261941 -0.251299 0.266908 
0.697469 -0.836159 0.850811 0.726498 
0.989616 0.267789 0.274498 0.990546 
0.132093 0.58414 0.602154 0.0979056 
-0.0566748 0.766205 0.749707 -0.0960885 
0.47128 0.553903 -0.549234 0.475318 
0.401102 0.208505 -0.231329 0.425608 
0.785501 -0.80605 0.803012 0.77002 
-0.10849 -0.144433 -0.122898 0.154136 
-0.530673 0.949013 0.968913 0.478271 
0.840605 0.280201 0.214717 -0.86458 
0.472203 -0.899373 0.475921 0.890168 
-0.464854 -0.434191 -0.481378 0.450152 
0.748957 -0.0510434 0.736053 0.0704605 
0.992364 -0.348564 0.995235 0.348691 
0.0877876 0.526242 0.0748813 -0.537833 
0.0866374 0.775611 0.062453 -0.767561 
0.639064 -0.62166 -0.688002 -0.601648 
-0.328191 0.579416 0.327342 0.590477 
-0.695621 -0.527081 0.647688 -0.537919 
0.710074 -0.192573 0.192845 0.72995 
-0.45529 0.845077 -0.841035 -0.449702 
-0.537128 -0.49876 0.505441 -0.514725 
-0.576001 0.083231 -0.0502832 0.585321 
-0.801646 -0.16284 0.169074 0.795617 
-0.159957 -0.983136 0.98432 0.156181 
-0.522088 -0.0967933 -0.523601 -0.113683 
0.0325064 0.982713 0.0422297 0.975994 
0.852272 0.15782 0.850916 0.185775 
-0.595102 0.872368 0.889038 0.598708 
0.129391 -0.253643 -0.246948 -0.12722 
0.793166 0.417899 0.385523 -0.7908 
-0.00385534 0.76924 -0.0350536 -0.767538 
0.00646484 0.604336 0.00913252 -0.595379 
0.999972 -0.207478 0.999344 0.237507 
0.110663 0.787305 -0.0787143 0.806971 
0.219958 -0.578195 -0.23346 -0.556193 
-0.969212 0.214105 0.969175 0.198613 
-0.966274 0.463826 0.528692 0.954299 
0.255832 0.848226 0.809861 -0.298433 
0.0293925 0.255693 0.254185 -0.0158235 
-0.0766049 -0.358824 -0.0594425 -0.341382 
0.256857 0.9334 0.255481 0.939923 
0.963409 0.00312666 0.964985 -0.00166454 
-0.928147 -0.0859541 -0.0337805 0.935934 
-0.367688 0.68395 0.672559 0.342714 
-0.0578668 0.724447 0.739272 0.0810796 
-0.416909 0.722078 0.720543 0.426108 
-0.901033 -0.135162 -0.133156 0.898561 
-0.11969 0.678479 0.680505 0.10498 
0.0216127 -0.443914 0.014344 -0.41044 
-0.900349 0.144948 -0.899648 0.14264 
0.434631 0.884269 0.436381 0.900662 
0.162651 0.382533 0.164053 0.349775 
-0.805656 0.349556 -0.78615 0.389547 
0.569617 0.855265 0.595865 0.852004 
-0.801048 0.34467 -0.803406 0.331538 
0.333905 0.798252 0.356625 0.796429 
0.49682 0.49396 0.476819 0.505751 
0.128133 0.746061 -0.0846129 0.76302 
-0.253095 -0.470841 0.240912 -0.463939 
-0.958919 0.470852 0.966852 0.450068 
-0.640752 -0.143376 -0.161658 -0.613502 
-0.619409 -0.738481 -0.74428 -0.629557 
-0.453619 0.658854 0.648007 -0.476732 
0.532931 0.228545 0.250327 0.525851 
-0.612062 0.582787 0.52276 -0.636405 
0.584265 0.779825 0.814897 0.564331 
0.328679 -0.423503 -0.472421 0.323723 
-0.0893872 -0.826301 -0.807639 -0.0986547 
0.940202 0.37131 0.352898 0.940994 
-0.193261 -0.23025 0.219454 0.265178 
-0.968564 -0.0178937 0.9529 -0.00127597 
-0.156631 -0.972967 0.209335 0.964199 
0.933879 0.518878 -0.923323 -0.546261 
0.27146 -0.854319 -0.309135 0.83573 
-0.232766 -0.0300858 0.22784 0.0561659 
-0.925062 -0.0589445 0.923422 0.0707965 
-0.11942 0.643966 0.123822 -0.652122 
-0.360554 -0.76278 0.363263 0.754801 
0.674471 -0.530872 -0.701897 -0.521726 
0.727843 0.303096 -0.701258 0.295557 
-0.123828 0.791396 0.124811 0.80028 
0.968974 -0.0110942 0.0225566 0.96389 
-0.23923 0.686234 -0.684567 -0.250682 
0.0621215 -0.727296 0.728601 0.0898553 
0.658812 -0.0212025 -0.0611446 0.639222 
-0.706266 0.0064818 -0.0681205 -0.727459 
0.259141 0.999754 0.995802 0.249396 
-0.00639328 -0.398835 0.00564342 0.43 
0.974237 0.421359 -0.982327 -0.413825 
-0.225438 0.814486 0.187087 -0.802402 
-0.946177 0.00869776 0.940882 -0.0254348 
-0.188534 -0.00949957 0.181023 -0.0188628 
-0.263066 0.999917 0.286308 0.999499 
0.391548 -0.0657715 0.00641618 0.365018 
0.915774 0.148589 0.143449 0.922511 
0.0897082 0.986709 0.989637 0.125444 
0.938077 -0.223592 -0.929565 -0.23991 
-0.0521965 -0.953471 0.0349587 -0.952361 
-0.342471 0.202239 0.366996 0.188286 
0.480864 -0.711427 -0.715611 0.467593 
-0.304386 -0.0598401 -0.0395277 -0.291743 
0.822265 0.700208 0.69738 0.834411 
-0.0376243 -0.162234 0.204252 0.0423112 
-0.776171 0.347291 -0.347766 0.812071 
-0.629399 -0.923617 0.915063 0.582023 
-0.571864 -0.634206 -0.62073 0.592344 
0.267319 -0.17221 -0.179912 -0.283509 
-0.775572 0.753741 0.763103 0.754156 
-0.989454 -0.289428 0.288584 0.99365 
-0.134779 -0.20808 0.21155 0.0995341 
0.0530596 -0.934309 0.933791 -0.0524623 
-0.542697 -0.615081 0.602336 -0.533638 
0.308995 -0.648563 0.646999 0.336012 
0.781027 -0.448376 0.46753 0.776097 
-0.521935 -0.278737 -0.269144 0.538033 
-0.786886 0.751477 0.754126 0.783059 
0.329233 0.597987 0.599045 -0.311993 
-0.000731128 -0.980153 0.113907 0.987037 
0.0123417 -0.0269503 -0.0464915 0.0566533 
-0.999924 -0.196402 0.992403 0.150163 
0.851331 0.693272 -0.850286 -0.708131 
-0.243432 0.553415 0.241521 -0.539555 
-0.464732 0.461634 0.467634 -0.455445 
0.454612 0.100706 0.464264 -0.119912 
-0.879985 0.47597 -0.874315 -0.498666 
0.137672 0.873677 0.141535 -0.85846 
0.775419 0.373442 -0.373826 -0.762874 
0.1484 0.894343 -0.896137 -0.139085 
0.613762 -0.246355 0.239151 -0.63141 
0.519466 -0.0542177 0.0273869 0.517195 
0.844879 -0.120641 0.121336 0.843771 
0.127807 -0.991214 0.992234 0.143388 
0.658353 0.0604537 0.646847 -0.0810419 
0.752073 -0.439486 0.762192 0.438333 
0.0309599 0.896213 0.0255297 -0.895152 
0.113188 0.228859 -0.184639 0.120262 
-0.947868 -0.031124 -0.0208233 -0.956516 
0.297883 -0.972962 0.982586 0.265734 
-0.577816 0.938925 -0.577362 -0.935047 
0.474075 0.102564 0.475717 -0.131549 
0.664365 0.328483 0.663586 -0.329213 
0.005641 0.162128 0.184468 -0.0227707 
0.448084 -0.964713 -0.961682 -0.460639 
0.893974 0.20747 0.202829 -0.887295 
-0.98214 -0.193772 0.985136 0.191829 
-0.163666 -0.825391 0.142778 0.834576 
-0.0928184 0.530267 0.0955014 -0.516415 
0.0350435 -0.372233 -0.0437792 -0.377271 
-0.700964 0.802469 0.729639 0.787661 
-0.712336 -0.466354 0.68243 -0.487091 
0.438399 0.54323 0.429074 -0.567041 
0.897156 -0.53557 0.902925 0.538894 
0.0540055 -0.646581 0.0249488 0.622943 
-0.237463 0.482095 0.25514 -0.477073 
-0.630057 -0.844772 0.64516 0.847911 
-0.739351 0.232262 0.720189 -0.231188 
0.0527501 0.78008 0.0357067 -0.778028 
0.288929 0.449972 0.281745 -0.455429 
0.955896 -0.434742 0.958825 0.432733 
-0.462212 -0.436654 0.457355 -0.482313 
-0.362606 -0.427484 0.397249 -0.376936 
0.809245 -0.791575 0.795625 0.790755 
-0.259166 -0.427475 -0.414945 -0.22861 
0.91534 -0.123579 -0.123919 0.923236 
0.308199 0.895541 0.901369 0.308824 
0.99701 -0.00129224 -0.997343 -0.328052 
-0.0307647 -0.00207351 -0.00134183 0.125548 
0.0708892 0.999997 0.0728338 -0.93628 
-0.748262 -0.347948 0.735323 -0.362729 
-0.460408 0.925729 0.476241 0.912621 
-0.477629 0.148182 0.482177 0.188551 
