0.318082 0.454011 0.41078 0.372959 
-0.640538 0.159229 0.0454816 -0.670115 
0.698953 0.876653 0.910599 0.641754 
-0.796361 0.15015 -0.141437 -0.771485 
-0.140228 0.295722 -0.322883 -0.00815177 
0.58834 -0.9434 0.935811 0.636195 
0.619113 0.742182 -0.595027 -0.749905 
0.68476 -0.0906555 -0.730489 -0.0546632 
-0.384452 -0.664039 0.335156 0.659283 
0.93975 0.485783 -0.478739 -0.954239 
-0.191018 -0.816581 0.757401 0.200222 
-0.283518 -0.311786 0.444019 0.222122 
-0.337819 0.0626539 -0.0370973 -0.305707 
0.623626 0.00749172 0.0856491 0.706734 
0.70496 0.998007 0.995634 0.63802 
-0.713422 -0.0725885 0.227437 0.722155 
0.694996 0.716696 -0.749765 -0.69055 
-0.0894997 -0.693598 0.621389 0.0404118 
-0.010946 0.684954 0.0804205 -0.612802 
0.118412 -0.229551 -0.129952 0.119697 
-0.992904 -0.69148 0.988254 0.781119 
0.530677 0.818304 -0.802244 -0.499662 
0.805953 0.0614019 -0.223498 -0.839271 
-0.26234 -0.571497 0.553582 0.214386 
-0.141348 -0.901633 -0.990429 -0.655623 
-0.989953 0.0716713 0.113151 -0.0168996 
-0.00359159 0.426522 0.079045 0.754899 
-0.235696 -0.834521 0.738642 0.756845 
0.210851 -0.207259 -0.192284 0.527348 
0.948678 -0.510509 0.646091 0.386122 
0.375648 0.733498 0.336872 0.776833 
-0.866142 -0.17005 -0.854798 -0.255219 
0.329676 0.658076 0.394763 0.575669 
-0.246269 0.981065 0.903436 0.913733 
0.701125 -0.10211 0.0512123 -0.328899 
0.66916 0.164576 0.425653 -0.238573 
-0.0932635 0.622311 -0.538574 0.1033 
-0.765726 -0.357336 0.407706 0.798705 
-0.636369 -0.696448 0.73737 0.59279 
-0.910743 0.277836 0.994755 0.662414 
0.212956 0.561326 0.0257316 -0.445443 
-0.353831 -0.779564 0.0989994 0.602319 
-0.469297 0.0279806 0.0101387 0.449544 
-0.535146 0.0975765 0.0527518 0.587916 
-0.70241 -0.994835 0.998556 0.672506 
-0.2484 0.300549 -0.32477 -0.270135 
-0.241783 -0.624064 0.510647 -0.240519 
0.937997 -0.721259 0.796093 0.932297 
-0.643092 0.989965 0.759705 0.990798 
0.129619 0.121024 0.0233544 0.11317 
-0.754739 0.0729523 0.649849 -0.074248 
-0.0559493 -0.256082 0.0369852 0.319715 
-0.133212 -0.79463 0.276487 0.810589 
-0.989507 -0.550442 0.960306 0.490641 
0.599869 0.30553 -0.224187 -0.632017 
-0.590693 -0.0245589 0.0761684 0.557525 
-0.539667 -0.951866 0.971565 0.538256 
-0.375361 -0.146382 -0.100577 0.284644 
-0.326474 0.983221 -0.818769 -0.955128 
0.867479 -0.108854 0.565245 -0.0818997 
0.517854 -0.977112 -0.428786 -0.936814 
0.306986 -0.0210375 -0.366911 -0.0551149 
-0.79849 0.211682 0.825542 0.34546 
-0.0356901 -0.353506 0.251796 0.220003 
0.0162643 0.689685 -0.676312 0.0342384 
-0.999231 -0.631956 0.692243 0.974898 
-0.635071 -0.289037 -0.611588 -0.273504 
-0.0617722 0.641471 -0.0944399 0.591671 
0.76998 0.710614 0.78552 0.758367 
0.204472 0.944264 -0.0840654 0.612998 
0.766201 -0.0597815 0.810858 0.496773 
0.609203 0.323715 0.579173 0.614369 
0.0308793 -0.785064 0.0170158 0.701126 
-0.00308683 0.132099 -0.0141732 -0.16799 
0.999518 -0.605165 0.999755 0.692966 
-0.015364 0.165545 0.123185 0.0442433 
-0.945238 -0.332956 -0.288738 -0.880969 
0.32602 0.928297 0.94945 0.471102 
-0.57914 -0.186027 -0.204985 0.529456 
-0.0188923 -0.144619 -0.125996 0.0502507 
-0.815009 0.971843 0.970622 0.846848 
0.355129 0.924836 0.923036 0.432699 
-0.739702 -0.218139 -0.145004 -0.686758 
0.571598 0.311598 0.356342 0.584067 
-0.573924 -0.259226 -0.779334 -0.17578 
-0.814903 0.31654 -0.622347 -0.947419 
-0.0808996 -0.912471 0.0729552 -0.267393 
0.672276 -0.109715 0.0577173 0.744919 
0.0185097 0.165196 0.108091 0.0215599 
0.740069 0.980139 0.992464 0.666807 
-0.116192 -0.211536 0.301855 0.00306035 
-0.930614 0.398911 -0.225576 -0.827982 
0.347069 -0.892257 0.926282 0.560747 
-0.52453 0.300769 -0.30692 -0.468196 
-0.727907 0.123841 -0.123195 -0.727121 
0.44161 -0.945622 0.943728 0.502083 
0.0259088 -0.973166 0.805441 0.984768 
0.117195 0.075056 -0.0428784 -0.084875 
0.992771 -0.217519 0.591123 -0.151752 
0.160517 0.0674751 0.0534201 -0.137118 
-0.741259 0.0399002 -0.0185946 0.671632 
-0.651744 -0.996923 0.998399 0.728086 
0.116593 -0.645041 0.110865 -0.624189 
-0.27096 -0.225265 -0.26843 -0.196194 
0.955503 0.73019 0.956898 0.756238 
0.360934 0.691445 -0.662885 -0.483033 
0.2959 -0.481071 0.470856 -0.224594 
-0.884403 -0.538957 0.582133 0.846308 
-0.643803 -0.254443 -0.0865558 0.460225 
0.632425 0.292483 -0.0490047 -0.511761 
0.430762 -0.921798 0.995041 0.725461 
0.670637 -0.00218576 -0.0430673 0.574342 
-0.196021 -0.00327385 0.0806146 -0.305137 
0.715418 0.999992 0.995814 0.75962 
-0.916621 0.591646 -0.603211 -0.899499 
-0.0271048 0.757464 -0.77249 -0.103933 
0.398838 -0.276049 0.198482 0.424382 
-0.693961 0.481711 0.692921 0.466908 
-0.324583 0.875478 0.444582 0.884147 
-0.6427 0.0386301 0.567633 -0.0167362 
-0.653309 0.503375 -0.639051 -0.645942 
-0.754604 0.449707 -0.562492 -0.730367 
-0.0613233 -0.737819 0.524611 -0.222086 
0.447414 -0.349082 0.313361 -0.442676 
-0.893007 -0.925691 -0.946363 -0.879031 
0.0485751 0.145733 0.0787506 0.177039 
-0.00847572 0.102579 0.416736 -0.34794 
-0.840719 0.472552 0.77741 0.793402 
-0.541405 -0.875313 0.471132 0.49945 
0.928831 0.484862 -0.941128 -0.586554 
0.0665671 -0.521948 -0.1442 0.40799 
-0.364474 -0.701769 0.305752 0.699642 
-0.0613015 -0.486365 0.329643 0.0223296 
0.855672 -0.223113 0.274758 0.8576 
0.513874 -0.84479 0.903241 0.513832 
-0.550111 0.8201 0.273276 0.82992 
-0.465645 -0.571373 0.378371 0.425176 
-0.693219 0.0311184 0.884396 0.361191 
0.78794 -0.040465 0.142669 -0.579491 
-0.503153 -0.96191 0.943114 0.71004 
-0.354948 -0.270355 0.300303 0.400041 
0.638019 0.255141 -0.696972 -0.289297 
0.509417 0.964435 -0.466052 -0.950329 
-0.57743 -0.0690502 0.545 0.114811 
-0.337386 -0.215724 -0.139804 0.48568 
0.645474 -0.935531 -0.916605 -0.577301 
-0.685226 0.279723 0.374553 0.656383 
0.445645 -0.892872 -0.92033 -0.550213 
-0.890055 0.347157 0.258275 0.833553 
0.0959259 0.286813 0.293745 -0.0495542 
-0.769536 0.102744 0.131292 0.793167 
-0.225884 0.401605 0.446214 0.24647 
-0.59732 0.910031 0.885243 0.5569 
0.55155 -0.595218 -0.533238 -0.542535 
-0.50135 -0.298351 -0.310066 0.451205 
-0.666664 0.746125 0.787094 0.708568 
0.187291 -0.233561 0.214042 -0.210025 
0.618428 -0.0501714 -0.056746 -0.646317 
-0.763197 -0.971047 0.975175 0.733597 
-0.0162377 -0.668695 0.209747 0.702067 
-0.0183831 0.490794 -0.163378 -0.513099 
-0.999699 -0.558541 0.964009 0.493793 
-0.882792 0.312419 -0.429907 -0.936409 
-0.321794 0.813458 -0.750819 -0.22674 
0.342239 -0.490591 0.501449 0.26782 
0.251288 0.87706 -0.832269 -0.294615 
0.805241 0.47996 -0.553049 -0.79892 
-0.537067 -0.0200907 0.03827 0.524338 
0.466854 -0.268652 -0.34482 0.419549 
-0.108303 -0.129707 -0.0855878 -0.106111 
0.877677 0.954464 0.934759 0.90151 
0.775302 0.361191 0.0912469 0.704437 
-0.0821517 0.93065 0.979534 0.688121 
-0.626226 0.0585864 0.17941 -0.173949 
0.155691 -0.344732 0.339549 0.155574 
-0.564142 0.929886 -0.935165 -0.616389 
0.810866 -0.128346 0.10086 0.77192 
0.0238657 -0.29274 0.189941 0.00367467 
-0.974249 -0.399177 0.542874 0.976496 
-0.224206 -0.868885 0.818053 0.215505 
-0.648366 -0.995277 -0.659533 -0.996276 
-0.738217 -0.00179895 -0.738062 -0.0549688 
0.186166 0.0970589 0.142413 0.0664212 
0.611055 -0.972185 0.97118 0.592606 
-0.402461 0.231904 -0.227153 -0.348454 
0.681643 -0.0328096 0.0721915 0.726221 
-0.609262 -0.381811 -0.675645 -0.45968 
-0.328442 -0.886542 -0.203263 -0.827586 
0.721752 0.261275 0.708652 0.322172 
-0.594222 0.25003 -0.202345 0.540136 
0.760976 0.854701 -0.866117 -0.791085 
-0.260414 -0.45494 0.457053 0.287119 
-0.742379 0.00836248 -0.000966544 -0.69812 
-0.09791 -0.0326807 -0.000906548 -0.117179 
0.662787 -0.999431 0.999999 0.706326 
0.645639 -0.870829 0.897145 0.724849 
-0.265801 0.473454 -0.439416 -0.197217 
-0.715892 -0.132282 0.0452196 -0.660075 
0.300309 0.870692 -0.424546 -0.0720974 
-0.939846 0.462387 0.887536 0.86305 
0.162803 -0.167612 0.178999 -0.499946 
0.410569 0.411239 0.36912 0.491669 
0.533802 0.911509 0.928437 0.535145 
0.739249 -0.00572421 0.041886 0.686936 
0.275461 -0.729483 0.790075 0.352284 
0.0726287 -0.521703 0.495018 0.19806 
0.958565 -0.442357 0.361577 0.914696 
0.831883 -0.108617 -0.736374 -0.0434646 
0.550454 -0.926736 -0.646998 -0.939685 
-0.0705118 0.35967 0.197855 0.339267 
0.556397 -0.983411 -0.944677 -0.472626 
-0.400624 0.173388 0.262578 0.407707 
-0.727958 -0.0532806 0.196565 0.781281 
-0.37284 -0.0925491 0.0514719 0.600998 
-0.816623 0.514662 0.974493 0.56778 
-0.440588 -0.852383 0.218437 0.562519 
0.372499 -0.249628 0.267635 0.310385 
0.340761 0.444183 -0.378897 0.38509 
0.863207 -0.860458 0.885894 0.869118 
0.936939 0.488281 -0.972856 -0.646233 
0.348592 0.436597 -0.219803 -0.535705 
0.0250746 0.755622 0.0723709 -0.54351 
-0.86858 0.71378 -0.934254 -0.532959 
-0.446341 0.0917402 -0.272011 -0.0531106 
-0.215288 -0.694335 0.230607 0.844473 
0.193721 -0.29016 -0.210374 0.189964 
0.972284 0.65248 0.718711 0.979646 
0.130905 0.700056 0.662719 0.0648655 
-0.261904 0.43174 -0.326449 0.393769 
-0.830342 -0.606882 -0.816065 -0.636303 
0.491872 0.667304 0.476938 0.663373 
-0.00361183 0.48351 -0.159105 -0.711834 
0.0576661 0.870837 -0.916738 -0.693128 
0.998329 -0.0886613 0.366439 -0.113431 
-0.939853 -0.435514 -0.795537 -0.988835 
-0.196241 -0.361857 -0.409796 0.140715 
0.279581 -0.824249 0.446305 -0.049033 
0.666162 -0.315508 0.689944 0.439462 
-0.371907 0.943503 -0.162415 -0.811186 
0.646463 -0.101273 0.705406 0.385811 
0.242314 -0.212859 -0.241257 -0.236951 
0.57041 0.193394 -0.456576 0.30595 
-0.784803 0.957753 0.856349 0.922089 
-0.0104228 -0.486527 0.430555 -0.0434012 
0.606825 0.0582098 -0.059131 -0.644255 
-0.794767 -0.871724 0.900625 0.763578 
-0.887869 0.854869 -0.911368 -0.837531 
-0.440046 -0.342792 -0.398433 0.264868 
0.134343 -0.389478 0.103243 0.477898 
0.0635946 -0.0963808 0.161323 0.0607044 
-0.751515 0.0801382 -0.0418056 -0.734334 
0.656643 -0.992113 0.986016 0.676069 
0.664021 0.009019 -0.0818722 0.170593 
-0.747711 -0.26159 0.02295 -0.652074 
0.00190782 0.965137 0.996379 0.738714 
0.0146192 0.769465 0.356648 -0.34923 
0.0456473 -0.504785 -0.180198 0.115349 
-0.998851 -0.3913 0.916696 0.92991 
-0.24882 0.195298 -0.311873 -0.115322 
-0.658837 -0.233567 -0.415904 0.318713 
0.709945 -0.952526 0.854259 0.940809 
-0.332269 0.916578 -0.724056 -0.991423 
0.94264 0.25728 -0.467787 0.105916 
-0.0320545 -0.306092 0.506871 0.0765614 
0.460964 -0.590171 -0.54799 -0.603177 
0.0602213 0.764725 0.44253 0.796895 
-0.885373 0.258639 0.709841 0.0337007 
0.0156014 0.344974 0.302278 0.0281594 
-0.774262 0.133169 0.0419099 0.711341 
-0.632673 0.929117 0.952298 0.702283 
0.973339 -0.178476 0.974942 0.84188 
0.195963 0.293998 -0.121381 0.424244 
-0.119204 -0.938995 0.186426 -0.333549 
-0.919777 0.152436 0.116774 0.0704349 
-0.361091 -0.409123 0.0503426 -0.670422 
0.153699 0.899656 0.991882 0.738629 
0.790656 0.424899 0.317036 0.672413 
0.608198 0.215217 -0.0121048 0.519271 
0.0704127 0.879285 0.948336 0.527464 
-0.469074 -0.848316 0.856937 0.416437 
0.882055 0.301322 -0.380939 -0.909094 
-0.0441338 -0.435391 0.347196 0.0113401 
-0.070536 0.179997 0.0561634 -0.145155 
-0.969625 -0.545015 0.963589 0.51271 
-0.234206 -0.818877 0.261424 0.846203 
0.444318 -0.824162 -0.971639 -0.549453 
0.36727 -0.263668 -0.0160549 -0.450563 
0.817125 0.501234 0.235925 0.703629 
0.180609 -0.038649 -0.204566 -0.0151959 
-0.0955974 0.860641 0.296459 0.879827 
-0.978898 0.507744 0.93288 0.475051 
0.894562 0.285973 -0.310891 -0.889081 
0.275604 0.204694 -0.284978 -0.197588 
-0.351853 -0.93612 0.906716 0.412909 
0.106515 -0.0198004 -0.0602248 -0.0695943 
-0.382114 -0.314712 -0.257854 0.500697 
-0.917956 0.948981 0.964305 0.86282 
0.353876 -0.415372 -0.385767 0.33339 
-0.333333 -0.6501 -0.611431 -0.404585 
0.873877 0.636267 0.690895 0.851564 
0.00620779 0.658028 -0.00732033 -0.601174 
-0.0258825 0.359418 6.18117e-05 -0.38044 
0.999646 -0.661678 0.999973 0.702748 
-0.154373 -0.0533089 0.153903 0.00938793 
-0.675504 0.0491584 0.585421 -0.140705 
-0.721015 -0.997367 0.795988 0.990007 
0.848419 -0.652987 -0.864478 -0.713957 
-0.214015 -0.621023 0.218888 -0.531525 
-0.48413 0.433519 0.452511 0.455793 
0.962404 0.673762 -0.944971 -0.722651 
-0.20564 0.561251 0.172235 -0.545308 
-0.177455 -0.480667 0.278147 0.424752 
-0.9825 -0.657904 -0.98553 -0.597787 
0.0335828 -0.714384 -0.16722 -0.751641 
0.183213 -0.238364 0.0276991 -0.278723 
-0.00129336 -0.637771 -0.0368553 -0.726425 
-0.000920356 0.0897684 0.0192849 0.107052 
-0.999999 0.764977 0.999135 0.678857 
-0.144618 0.0717153 0.182227 -0.0695862 
0.0119232 0.948235 0.710575 0.997444 
-0.989416 0.309365 0.679615 0.0162276 
0.119557 0.69652 0.033511 0.730388 
0.0704839 -0.0428459 -0.0867536 -0.0543499 
-0.990322 0.716257 0.995666 0.680867 
0.812939 0.771847 -0.794112 -0.803682 
0.178342 -0.549744 0.472953 -0.278673 
-0.554368 -0.319428 0.381709 0.525772 
-0.822067 0.500775 -0.744543 -0.770242 
-0.11119 0.257521 -0.426067 0.338405 
0.558429 0.826382 0.513929 0.540564 
-0.112416 -0.589867 0.239651 0.491726 
0.214684 0.696231 -0.215681 -0.743588 
-0.970192 -0.409048 0.946599 0.453082 
0.0075493 0.538873 0.0213378 -0.536904 
0.184791 -0.360318 -0.124554 0.348793 
-0.982749 -0.761438 0.991983 0.768165 
0.295379 0.0380616 0.232056 0.021181 
0.388886 -0.381296 0.242578 -0.48979 
0.87265 0.923669 0.941969 0.871583 
-0.752234 -0.252877 0.145784 0.268534 
-0.655304 0.508071 -0.171364 -0.79361 
0.0686988 -0.823357 0.974362 0.54596 
-0.874912 -0.92479 -0.923966 -0.909374 
-0.0098087 -0.221797 -0.220563 0.014608 
-0.484183 0.309143 0.312471 -0.415724 
0.0349066 -0.620594 -0.64278 -0.0226561 
-0.870682 0.43114 0.421036 0.853467 
-0.490606 0.654967 0.63997 0.520654 
0.233939 -0.673151 0.485543 -0.27428 
0.121755 0.608288 0.159694 0.146222 
0.964597 0.420541 0.859503 0.950468 
-0.0171125 -0.666431 -0.0532644 0.655618 
-0.0362879 -0.112674 -0.0183594 0.120454 
0.999195 -0.737004 0.998412 0.745423 
0.538232 -0.0711748 0.561423 -0.100586 
0.814838 0.708946 0.773162 0.729448 
0.21528 0.701662 0.295 0.676601 
-0.600498 -0.131939 -0.148006 0.404385 
-0.507766 0.0496055 -0.0280579 0.462648 
-0.617718 0.990016 0.988588 0.788942 
-0.406646 -0.766918 0.48576 0.741802 
0.247172 0.602896 -0.281404 -0.639622 
-0.879514 -0.219893 0.827556 0.20153 
0.194552 0.373036 0.234971 0.389854 
-0.0915787 -0.794081 -0.216898 -0.793048 
0.976608 0.479875 0.947494 0.468069 
-0.71008 0.000832541 -0.0432388 0.671225 
0.0475067 -0.00175666 0.0310299 -0.058038 
-0.702517 -0.999998 0.998583 0.738978 
0.378903 0.189319 0.264956 0.380202 
-0.44964 -0.304051 -0.0276439 -0.695983 
0.808861 -0.933655 0.963864 0.609142 
0.434514 0.346258 0.43501 -0.303822 
0.162776 -0.444257 -0.421513 -0.262021 
-0.885834 0.826281 0.795672 0.91599 
0.606868 -0.792092 0.724923 0.677014 
0.030524 -0.450848 0.683746 0.231009 
-0.794216 -0.411494 0.0835356 0.698775 
-0.181847 -0.249941 0.172253 -0.197471 
-0.108111 -0.562239 0.0449893 -0.593431 
-0.977366 0.7883 0.984025 0.780285 
0.913877 -0.269003 -0.722652 -0.0368656 
-0.385006 0.80447 0.620273 0.807635 
0.128837 0.52959 0.305018 0.588529 
-0.512584 -0.513017 -0.479193 -0.546454 
-0.646141 0.103038 0.0373441 -0.644183 
0.565473 0.852172 0.876915 0.535179 
0.637084 -0.600539 0.640452 0.659016 
0.0040223 -0.708435 -0.120368 0.587925 
0.770784 -0.370773 0.758507 0.469088 
-0.871471 0.803294 0.885173 0.830727 
-0.0831487 -0.592894 -0.459791 0.144572 
-0.483347 0.0565321 0.0711385 0.53758 
-0.0578728 0.773439 -0.266704 -0.868003 
-0.00422121 0.0683726 -0.0224648 -0.0666929 
-0.998315 -0.630172 0.963517 0.492061 
-0.049818 0.0229762 -0.0101681 -0.0314601 
-0.941076 -0.290696 -0.296722 -0.884601 
0.334507 0.95654 0.95491 0.465286 
0.755199 0.00142982 0.0505154 0.726909 
0.120366 0.00367275 -0.0446823 0.114861 
0.64435 0.999992 0.997723 0.67706 
-0.525819 0.343386 -0.291126 0.451133 
0.12584 -0.043117 0.0133696 -0.156236 
-0.841236 -0.938204 0.956591 0.878675 
0.930477 -0.0281006 0.717712 0.960657 
-0.0760725 -0.148731 0.181035 -0.260489 
0.358365 -0.988478 0.672395 0.0963559 
-0.319973 -0.180228 0.192494 0.293698 
-0.805192 -0.105694 0.17706 0.796951 
-0.499282 -0.97793 0.965192 0.527836 
0.179825 -0.368706 -0.130107 -0.134566 
0.882873 -0.582286 -0.698925 -0.990896 
-0.433818 -0.724568 0.703261 -0.00421289 
-0.748784 -0.003797 0.0240142 0.71568 
0.639227 0.89859 -0.867748 -0.652361 
-0.175249 -0.438772 0.496425 0.249456 
-0.0583215 0.407621 -0.0659592 -0.437838 
-0.13044 -0.696647 0.213757 0.720417 
-0.989739 -0.590363 0.974657 0.537864 
0.352994 0.514047 0.63471 0.221768 
-0.662973 0.502105 0.180476 0.796559 
0.660199 0.695446 0.75138 0.562417 
-0.710686 -0.866129 -0.868386 -0.702111 
-0.145772 -0.492205 -0.495726 -0.213884 
-0.688242 0.0869193 0.0126983 -0.679186 
-0.0055264 -0.686012 0.409079 -0.301277 
-0.00758959 0.616901 -0.185013 0.0944933 
0.999956 -0.385774 0.893546 0.948843 
-0.120969 0.741293 -0.0288054 0.639277 
0.886848 -0.546311 -0.925119 -0.575558 
-0.445944 0.389908 0.378583 0.50996 
0.481778 0.179696 -0.0924302 0.606682 
0.876012 -0.912571 0.972838 0.793799 
0.022223 -0.367319 0.212232 -0.0426683 
-0.450351 0.980465 0.896728 0.321188 
-0.134092 -0.00609422 0.0563819 0.106946 
-0.882725 0.196599 0.438977 0.940957 
0.927941 0.488278 -0.917039 -0.440939 
-0.324016 -0.342473 0.329838 0.358753 
-0.184224 -0.802681 0.224156 0.82272 
-0.0377464 -0.255381 0.276251 -0.0624745 
-0.0885619 0.727334 -0.698712 -0.0987096 
0.995355 -0.636997 0.659914 0.993153 
0.195168 -0.407689 -0.247355 0.252105 
0.93641 0.601145 0.646089 0.941633 
0.291627 0.687324 0.72207 0.223091 
0.0437347 0.631826 -0.660322 -0.0222366 
0.555107 -0.213541 0.1353 0.546287 
0.830628 -0.745115 0.738694 0.837303 
0.0294806 0.0287238 -0.00220548 0.0439769 
-0.711626 -0.00421601 -1.52974e-06 -0.70564 
0.70194 0.999578 0.999998 0.707204 
0.00853889 0.644596 0.647569 0.0237418 
0.956856 -0.581072 -0.565621 -0.954444 
-0.290436 0.496841 0.510615 0.297443 
-0.0623813 -0.695048 0.0240978 -0.636334 
-0.686509 0.267927 0.683922 0.297512 
-0.72444 0.667175 0.729157 0.711734 
0.737898 0.238234 0.894764 0.323912 
-0.187258 -0.965458 -0.0933065 -0.339755 
0.648415 -0.105525 0.436683 0.882976 
0.516619 -0.331276 -0.239752 0.512762 
-0.142953 -0.200768 -0.247314 -0.142362 
0.844197 0.921926 0.938805 0.846645 
0.663469 -0.0798618 -0.562102 0.0784834 
-0.663364 -0.495323 0.657774 0.473284 
-0.346059 -0.86503 0.501373 0.877407 
-0.429215 0.278542 -0.20825 0.400229 
0.500436 0.0679365 -0.0922361 -0.506345 
-0.75189 -0.958018 0.973717 0.763827 
-0.635073 0.576487 0.336609 0.861738 
-0.324912 -0.791441 0.199396 0.335682 
-0.700796 -0.203184 0.920291 0.380428 
0.359615 -0.20963 0.418453 -0.0792446 
-0.80387 -0.499056 -0.844326 -0.546211 
0.473783 0.840832 0.33468 0.833891 
0.883038 0.509123 0.56896 0.862 
0.284312 -0.298651 -0.298061 0.308127 
0.373378 0.807218 0.766449 0.40251 
0.256206 -0.380794 0.191999 -0.382082 
0.0408093 0.549613 0.10301 0.551587 
0.96576 0.743587 0.975974 0.741461 
0.466637 -0.348931 -0.532097 0.149787 
-0.573982 -0.284766 0.576436 0.385366 
-0.6729 -0.892836 0.620157 0.910526 
-0.477019 -0.242397 -0.239443 0.515095 
0.789871 -0.866192 -0.888628 -0.760411 
-0.385432 0.436984 0.391161 0.39554 
-0.997529 0.709218 0.798006 0.990179 
-0.0635121 -0.668587 -0.564429 0.137304 
-0.0300361 0.223609 0.211202 -0.0263436 
-0.404355 -0.458697 0.338167 -0.422039 
-0.0817991 0.0312158 -0.0721298 0.0107016 
0.910937 -0.888044 0.938318 0.906514 
-0.0363911 0.818703 -0.79715 -0.144652 
0.694465 -0.393807 0.371432 0.709847 
0.718606 -0.417902 0.476015 0.689342 
0.857644 -0.214555 0.795668 0.134732 
0.186195 -0.462656 0.269139 0.411702 
0.479353 -0.860183 0.542658 0.901304 
0.200996 -0.0411676 0.204871 0.0784006 
-0.0425534 -0.684153 -0.137483 0.597692 
0.978667 -0.728175 0.969085 0.797883 
-0.498494 -0.638054 0.563812 0.658198 
-0.858528 0.178854 0.267414 -0.467601 
0.120141 -0.748931 0.781413 0.590022 
0.799349 0.115021 0.0837655 0.753337 
-0.482616 -0.886166 -0.898001 -0.529646 
0.357943 0.448866 0.431947 0.389817 
-0.538286 -0.809776 -0.422492 -0.773083 
0.145065 0.568844 0.115896 0.525293 
0.830183 0.143803 0.898926 0.355542 
-0.316959 0.0290725 -0.271472 -0.349346 
-0.808253 0.150719 -0.27891 -0.842773 
0.49625 -0.988149 0.921147 0.409501 
-0.430756 -0.130847 -0.702114 -0.0435322 
0.758807 0.212069 0.517259 0.902441 
0.488529 -0.968455 0.489365 0.428609 
0.618015 0.310698 0.530725 0.282834 
0.50067 0.93832 0.74037 0.914146 
0.606125 -0.151733 0.412532 -0.290418 
-0.464606 -0.0251099 -0.000383738 -0.280355 
-0.495208 0.0219677 0.13795 -0.545533 
0.734105 -0.999443 0.990439 0.789807 
0.593363 -0.982879 0.977476 0.676194 
0.186019 -0.163091 0.210849 0.188038 
0.783146 -0.0857355 0.00911834 0.712322 
0.30611 0.372581 -0.436758 0.205327 
-0.374271 0.677766 -0.689022 -0.410757 
0.875339 -0.63389 0.578352 0.888324 
-0.162671 -0.734865 0.694562 0.117252 
0.394043 0.643326 -0.5518 -0.359349 
-0.904582 -0.214719 0.461628 0.925808 
0.843459 0.00877281 -0.426685 0.323448 
-0.0783832 -0.0172075 -0.00319584 0.14564 
-0.531445 -0.999813 0.904394 0.934971 
-0.38748 -0.101118 -0.148488 -0.393508 
0.637272 -0.051398 0.120454 0.719217 
0.666141 0.993546 0.981551 0.572607 
0.835388 0.219872 0.791666 0.168878 
0.249531 0.820929 0.389443 0.830187 
0.489755 0.527002 0.470743 0.531291 
0.973969 0.463805 0.153154 0.788561 
0.16609 -0.250022 -0.374903 -0.0755522 
-0.15427 0.849926 0.914326 0.610298 
-0.168184 -0.670792 -0.42137 0.299069 
0.959406 -0.271603 0.892527 0.858365 
0.226395 -0.690123 0.160756 0.416854 
0.491583 0.255275 -0.182866 0.495269 
-0.182145 -0.219404 0.175299 -0.160855 
0.851568 -0.941646 0.967383 0.853718 
-0.385888 -0.277599 0.408358 -0.237971 
0.0463635 0.461943 0.018102 0.426096 
-0.92138 0.842346 0.912642 0.872819 
-0.137211 0.0157135 0.350168 -0.0734139 
0.744231 -0.0665231 -0.362224 -0.872923 
-0.653677 -0.997661 0.863815 0.482303 
0.137445 -0.368235 -0.527823 -0.00684047 
-0.134072 -0.692234 -0.68898 -0.344227 
0.981394 0.620658 0.496698 0.938862 
0.333553 0.929447 -0.201644 -0.827098 
-0.305982 0.00104864 0.342656 0.092178 
-0.891693 -0.368955 0.917566 0.554448 
0.895274 0.802362 -0.883727 -0.837789 
-0.253669 -0.402403 0.256077 0.414222 
-0.366247 0.440779 0.391729 -0.355711 
-0.505895 0.944614 0.530941 0.948388 
0.460038 0.0375047 -0.455991 0.0452181 
-0.729681 0.326034 0.714265 0.313872 
-0.494219 -0.294033 -0.199353 0.52404 
0.168203 0.383245 -0.21573 -0.376117 
0.85291 -0.875595 0.955886 0.764145 
-0.181602 -0.260905 0.256645 0.170781 
-0.854445 -0.213685 0.24944 0.860182 
-0.486769 -0.941418 0.933763 0.480542 
-0.316881 0.426448 -0.334539 0.424678 
-0.443815 -0.19059 -0.350948 -0.254286 
0.838221 0.884204 0.874597 0.8689 
0.694252 -0.0235139 0.494638 -0.264477 
0.451726 0.779738 0.637475 0.692003 
0.560319 0.625664 0.590727 0.671702 
-0.912116 -0.752664 -0.700554 -0.916182 
0.115275 0.650167 0.708726 0.136365 
-0.393391 0.103819 0.0832535 -0.376848 
0.215782 -0.0553913 0.144138 0.246728 
0.656902 0.139035 -0.057513 0.651188 
0.722439 -0.988737 0.987885 0.717691 
-0.261834 0.0162525 -0.132659 0.152578 
-0.278329 0.974286 -0.98716 -0.790298 
0.924108 0.224727 0.08898 -0.593421 
-0.494957 0.41423 0.360386 -0.375344 
-0.245996 -0.378137 0.290945 0.480065 
-0.833369 -0.827905 0.886269 0.792877 
0.160398 -0.884083 0.39478 -0.345826 
0.677434 0.440146 0.565015 0.716939 
0.717883 0.157061 0.724504 0.605311 
-0.150741 0.0446464 -0.188973 0.144474 
-0.105827 0.641452 -0.115496 0.555458 
0.982893 0.765863 0.975167 0.818898 
