0.515902 0.484098 
0.47903 0.52097 
0.469504 0.530496 
0.523584 0.476416 
0.480525 0.519475 
0.457182 0.542818 
0.554664 0.445336 
0.508202 0.491798 
0.479412 0.520588 
0.510735 0.489265 
0.478724 0.521276 
0.459519 0.540481 
0.521873 0.478127 
0.496745 0.503255 
0.54671 0.45329 
0.522527 0.477473 
0.527897 0.472103 
0.499281 0.500719 
0.516471 0.483529 
0.471085 0.528915 
0.493278 0.506722 
0.503304 0.496696 
0.497817 0.502183 
0.483018 0.516982 
0.521737 0.478263 
0.547838 0.452162 
0.47913 0.52087 
0.447119 0.552881 
0.520148 0.479852 
0.50148 0.49852 
0.486993 0.513007 
0.503768 0.496232 
0.494691 0.505309 
0.507084 0.492916 
0.496769 0.503231 
0.50587 0.49413 
0.477508 0.522492 
0.479364 0.520636 
0.503776 0.496224 
0.493995 0.506005 
0.494591 0.505409 
0.461296 0.538704 
0.49102 0.50898 
0.528802 0.471198 
0.526368 0.473632 
0.502068 0.497932 
0.511865 0.488135 
0.473706 0.526294 
0.57703 0.42297 
0.509107 0.490893 
0.560628 0.439372 
0.499261 0.500739 
0.530496 0.469504 
0.480887 0.519113 
0.511656 0.488344 
0.504561 0.495439 
0.481525 0.518475 
0.528306 0.471694 
0.501002 0.498998 
0.484371 0.515629 
0.463501 0.536499 
0.517561 0.482439 
0.51167 0.48833 
0.502986 0.497014 
0.514131 0.485869 
0.514289 0.485711 
0.513655 0.486345 
0.469155 0.530845 
0.75445 0.24555 
0.501142 0.498858 
0.520693 0.479307 
0.503939 0.496061 
0.461755 0.538245 
0.539186 0.460814 
0.521683 0.478317 
0.491114 0.508886 
0.53509 0.46491 
0.500567 0.499433 
0.540698 0.459302 
0.516017 0.483983 
0.512679 0.487321 
0.477828 0.522172 
0.515962 0.484038 
0.493475 0.506525 
0.449075 0.550925 
0.46383 0.53617 
0.516043 0.483957 
0.549468 0.450532 
0.49807 0.50193 
0.505277 0.494723 
0.45966 0.54034 
0.53445 0.46555 
0.516125 0.483875 
0.484417 0.515583 
0.491815 0.508185 
0.50553 0.49447 
0.502555 0.497445 
0.455534 0.544466 
0.488534 0.511466 
0.491128 0.508872 
0.469095 0.530905 
0.521579 0.478421 
0.507219 0.492781 
0.507073 0.492927 
0.485361 0.514639 
0.484233 0.515767 
0.501772 0.498228 
0.48726 0.51274 
0.515072 0.484928 
0.54416 0.45584 
0.473247 0.526753 
0.531953 0.468047 
0.481927 0.518073 
0.484965 0.515035 
0.507978 0.492022 
0.500411 0.499589 
0.515157 0.484843 
0.537146 0.462854 
0.475268 0.524732 
0.501278 0.498722 
0.525485 0.474515 
0.519399 0.480601 
0.516293 0.483707 
0.476222 0.523778 
0.490123 0.509877 
0.499235 0.500765 
0.550776 0.449224 
0.466461 0.533539 
0.482639 0.517361 
0.534383 0.465617 
0.490464 0.509536 
0.504918 0.495082 
0.54098 0.45902 
0.497616 0.502384 
0.529478 0.470522 
0.429671 0.570329 
0.480894 0.519106 
0.482643 0.517357 
0.536631 0.463369 
0.507722 0.492278 
0.553831 0.446169 
0.467398 0.532602 
0.545107 0.454893 
0.494442 0.505558 
0.514927 0.485073 
0.536089 0.463911 
0.502484 0.497516 
0.499461 0.500539 
0.491746 0.508254 
0.477395 0.522605 
0.541808 0.458192 
0.48916 0.51084 
0.490537 0.509463 
0.533623 0.466377 
0.492928 0.507072 
0.527317 0.472683 
0.48981 0.51019 
0.504963 0.495037 
0.562039 0.437961 
0.480545 0.519455 
0.517664 0.482336 
0.483662 0.516338 
0.512262 0.487738 
0.484989 0.515011 
0.495291 0.504709 
0.485176 0.514824 
0.513663 0.486337 
0.474754 0.525246 
0.488849 0.511151 
0.534157 0.465843 
0.500751 0.499249 
0.477579 0.522421 
0.551534 0.448466 
0.526153 0.473847 
0.528283 0.471717 
0.536645 0.463355 
0.477029 0.522971 
0.489505 0.510495 
0.534317 0.465683 
0.50606 0.49394 
0.462729 0.537271 
0.464919 0.535081 
0.527739 0.472261 
0.510033 0.489967 
0.499352 0.500648 
0.512134 0.487866 
0.438819 0.561181 
0.459507 0.540493 
0.547441 0.452559 
0.501247 0.498753 
0.512713 0.487287 
0.461638 0.538362 
0.48612 0.51388 
0.439326 0.560674 
0.474109 0.525891 
0.469942 0.530058 
0.486251 0.513749 
0.546945 0.453055 
0.535661 0.464339 
0.492182 0.507818 
