0.332703 -0.185901 0.0672587 -0.286729 
0.12035 -0.178172 0.318732 -0.0587949 
-0.935321 -0.966279 0.945456 0.956206 
-0.279415 -0.612291 0.424665 0.65544 
-0.0662774 0.562153 -0.273819 -0.564299 
-0.95788 -0.555953 0.86295 0.501961 
-0.485658 -0.0696038 -0.0103339 -0.446583 
0.207911 0.122343 -0.00435022 0.238028 
0.849064 -0.990044 0.999937 0.8625 
0.00872352 -0.544645 0.0403393 -0.458173 
-0.0290294 0.204136 0.0201052 0.0980945 
0.99954 0.813444 0.998984 0.883433 
-0.0267502 0.258536 0.282642 -0.0236058 
0.44712 -0.0586891 -0.0251956 -0.438143 
-0.894074 0.964217 0.958894 0.898595 
-0.532627 -0.495044 -0.555746 -0.457701 
-0.82559 -0.782649 -0.800206 -0.843536 
0.186307 -0.377349 0.225425 -0.280993 
0.0437175 0.917596 -0.0884288 0.190242 
-0.507416 -0.354894 -0.685886 -0.304152 
0.860591 -0.179075 0.722316 0.933434 
