0.927554 0.88368 0.85405 0.9428 
-0.322523 0.160257 0.178335 -0.253171 
0.188742 0.439804 0.488667 0.216868 
-0.785639 -0.927018 -0.947107 -0.865787 
-0.00255669 0.341796 0.281498 0.356035 
0.61868 -0.154313 0.154104 -0.351643 
-0.602593 -0.327088 0.0747211 0.558693 
-0.514755 -0.813784 0.842494 0.734676 
0.609843 -0.480384 0.533499 0.384854 
0.512311 -0.000650782 0.095418 0.573696 
-0.019351 -0.00178006 -0.0441233 0.0453008 
0.858582 0.999998 0.994459 0.817815 
-0.252765 0.545773 0.00833694 0.461647 
0.932126 0.242629 -0.931977 -0.879161 
-0.259327 0.802037 0.362421 0.118147 
-0.00481513 -0.303291 0.00562204 -0.311502 
0.0007643 -0.458887 -0.0490758 -0.429299 
0.999988 0.835127 0.998779 0.847743 
0.217143 -0.370307 -0.394577 -0.0595708 
0.633625 0.0982024 -0.386655 -0.743807 
-0.742542 0.923704 0.833551 0.665735 
-0.062826 -0.934635 -0.210071 0.0529233 
0.599684 -0.0616754 0.384171 0.755776 
0.797767 -0.350219 0.899046 0.652688 
0.123541 -0.0654104 0.0895751 0.0451056 
0.014598 -0.86217 0.94651 0.667187 
0.992232 -0.502378 0.309991 0.743523 
0.616761 -0.717302 0.725208 0.638719 
-0.0210634 -0.481168 0.479096 0.0481549 
0.786868 -0.50394 0.494511 0.767932 
0.828491 -0.946664 0.996411 0.862308 
-0.524704 -0.18435 -0.0573012 0.313507 
-0.195673 -0.264276 0.0623058 0.397667 
0.0176545 0.0707167 0.0613216 -0.00356716 
0.0159393 0.587688 0.335405 -0.176238 
0.999717 0.805991 0.940076 0.984341 
-0.398473 -0.189329 -0.0807503 0.423032 
-0.869194 0.588697 -0.596606 -0.599402 
-0.292781 -0.78587 0.798461 0.67953 
-0.660526 0.000298228 0.383547 0.771742 
-0.111621 -0.00035281 0.21949 -0.00201935 
-0.74246 1 0.89706 0.635933 
0.0868021 -0.430005 0.0589137 -0.409107 
0.165196 -0.0452534 0.165823 -0.0429555 
0.982434 0.901691 0.984394 0.911475 
-0.130584 0.375072 0.426782 0.0893741 
-0.49615 0.780826 0.754976 0.548204 
-0.858361 0.499631 0.497864 0.831556 
-0.588074 0.0125315 -0.683733 -0.452814 
0.675351 0.00129041 0.70186 0.606878 
0.44505 -0.999921 0.199755 0.653191 
-0.0823018 -0.401213 -0.0279488 0.192866 
0.106445 -0.898034 0.110425 -0.351324 
-0.990907 0.180454 0.993491 0.916174 
0.28657 -0.119327 0.118221 -0.304486 
-0.0107813 -0.164109 -0.052579 0.23805 
-0.957998 -0.979198 0.991594 0.922291 
0.169928 0.0741241 0.146882 -0.202848 
0.320507 0.126332 0.0631976 -0.313754 
-0.93188 0.989215 0.987133 0.927584 
-0.279127 -0.363344 0.319921 0.367205 
0.881856 0.359744 -0.187502 -0.637513 
-0.380023 -0.859398 0.928705 0.677302 
0.26832 -0.223019 0.239511 -0.199996 
-0.906506 -0.790495 -0.911365 -0.789879 
0.325962 0.570421 0.334736 0.579735 
0.782636 0.836026 0.853199 0.800791 
-0.0882713 -0.524635 -0.263996 -0.596282 
0.61619 0.160682 0.449843 0.0564109 
0.433462 0.00290859 -0.285955 0.120242 
0.284262 -0.713083 -0.473069 -0.742455 
-0.855164 0.701074 0.833328 0.659016 
0.0293049 -0.492107 0.0104222 -0.398118 
0.0931224 0.168455 -0.139238 0.166198 
-0.995223 0.854081 0.990204 0.902153 
0.253807 -0.120656 0.170064 -0.175544 
0.960535 0.956706 -0.928216 -0.983174 
0.113817 -0.26487 0.330897 -0.0505268 
-0.903353 -0.155351 -0.00343866 0.422273 
-0.170378 -0.111648 -0.00225241 0.261028 
-0.393606 -0.98153 0.999992 0.868073 
-0.0830291 0.0488997 -0.131459 -0.0274765 
-0.377777 -0.179895 0.122594 -0.380985 
0.922166 -0.98247 0.983712 0.924173 
0.0490066 0.0200202 -0.0793667 0.171619 
0.960614 -0.0150416 0.870383 0.984008 
0.27353 0.999686 0.485936 0.047707 
-0.0836586 0.0877172 0.131894 0.0163593 
0.616852 -0.0848389 -0.647023 -0.197498 
-0.78262 0.992526 0.750976 0.980167 
-0.712411 0.318445 -0.506185 -0.733536 
0.622564 -0.939472 0.858914 0.538446 
0.32386 0.126431 0.0777416 0.41473 
-0.197522 -0.509491 -0.482255 0.0175454 
0.959718 0.742992 0.86189 0.99227 
0.199817 -0.43403 0.156768 0.122855 
-0.45375 -0.697827 0.581461 0.726136 
-0.240267 -0.169954 -0.0529164 0.382149 
0.858127 -0.695811 0.811852 0.571567 
-0.863418 0.316926 -0.722922 -0.935485 
0.126438 -0.896999 0.0296177 0.233947 
0.488388 0.308141 0.690295 0.264835 
-0.00299685 -0.32173 0.00248241 0.0689465 
-0.994433 -0.574434 0.994682 0.912277 
0.105332 0.752672 0.102968 -0.403728 
-0.178468 0.636485 -0.711891 -0.460388 
-0.345554 -0.105647 -0.0993098 0.334974 
-0.921272 -0.764019 0.695233 0.822092 
0.877921 0.946731 0.945766 0.880609 
-0.0847259 0.309798 0.297392 -0.0926817 
0.471249 0.0878963 0.130706 0.464691 
0.280524 0.134165 0.144985 -0.295869 
-0.923964 0.986163 0.987917 0.931714 
0.259993 0.0973814 0.0547583 -0.210643 
-0.975135 -0.806501 -0.981679 -0.865127 
-0.0170804 -0.574927 0.0250882 -0.477918 
0.220953 0.137897 0.188882 0.152148 
0.0346521 -0.915013 -0.979272 -0.757316 
0.246783 0.122726 0.103034 0.121425 
0.968451 0.384303 0.174385 0.64166 
-0.0087504 0.662849 -0.310323 -0.731037 
-0.00688434 -0.00418153 0.0962941 -0.0475497 
0.999938 -0.748741 0.945741 0.680679 
-0.235328 -0.0412269 -0.314447 0.0372578 
-0.971141 0.93918 -0.946066 -0.952656 
0.038815 0.340941 0.0779894 -0.30176 
0.52823 -0.179178 0.124459 0.29819 
-0.69168 0.122814 0.071198 -0.400574 
0.492495 -0.976121 0.989667 0.866385 
0.00311825 0.279976 0.175469 0.288274 
-0.0011401 0.521128 0.239595 0.667583 
0.999994 0.80625 0.954885 0.686462 
0.366271 0.557289 -0.513652 -0.322824 
-0.898494 -0.505237 0.659238 0.933842 
-0.241979 -0.658912 0.549151 0.154023 
-0.369768 0.0143568 -0.231994 -0.037161 
-0.385446 0.0486728 -0.332832 0.140786 
0.845401 0.998712 0.914003 0.989342 
-0.148701 -0.00837744 0.0142176 -0.101135 
0.630229 0.146733 0.0421782 0.523119 
0.762036 0.989141 0.999009 0.846238 
-0.543034 0.331756 0.369249 0.546769 
-0.427906 0.830373 0.801431 0.395406 
-0.722503 0.44768 0.470493 0.738037 
0.741877 -0.979191 0.948313 0.667049 
0.347152 -0.131043 0.204181 0.383295 
0.573676 -0.154959 0.242925 0.638851 
-0.121047 0.0278077 0.0680968 0.0814495 
0.531147 -0.0582754 -0.0449402 -0.537835 
-0.838588 0.997913 0.996666 0.839106 
-0.734299 -0.963639 0.934504 0.646617 
-0.379329 -0.263148 0.261567 0.402875 
-0.562951 0.0463977 0.241421 0.647749 
-0.15401 -0.410902 0.0208496 -0.373188 
0.408615 -0.870894 0.246177 0.516847 
0.899619 0.269634 0.969001 0.770454 
0.207577 0.834335 0.0279381 -0.386063 
0.0529429 0.394321 0.114321 -0.183391 
-0.976785 0.385221 0.993051 0.904059 
-0.0205256 0.382317 -0.370631 -0.0672307 
-0.0553072 -0.265723 0.318146 -0.0832186 
0.998258 -0.885 0.872591 0.994261 
-0.0111491 0.772457 -0.822644 -0.657906 
0.0412245 -0.490379 0.23649 0.683873 
-0.999088 -0.403532 0.51704 0.315399 
0.548831 -0.229763 -0.462103 0.0289933 
-0.680122 -0.481544 -0.495885 -0.45034 
0.486023 0.845769 0.735227 0.892386 
-0.93415 0.502258 -0.93646 -0.876919 
0.15087 -0.791655 0.338306 0.000813321 
0.323423 0.347879 0.0926898 0.480637 
-0.763164 0.280013 -0.496666 -0.168376 
-0.644635 0.801545 -0.81977 -0.720393 
0.0450165 -0.528316 0.285133 0.672818 
0.0772311 0.6301 -0.423136 0.0780152 
0.118494 -0.124068 -0.0329363 -0.132804 
-0.989947 -0.766538 0.905467 0.988067 
-0.414239 0.143371 0.516189 0.0313747 
0.72216 0.867404 -0.663797 -0.84504 
-0.553978 -0.476504 0.541224 0.533782 
-0.749397 -0.239913 -0.647884 -0.819889 
-0.567076 0.222138 -0.730173 -0.316842 
0.341802 0.945038 0.21701 0.476858 
-0.336521 0.0243125 0.13879 0.454232 
-0.153453 0.430606 -0.118625 0.269309 
-0.929089 -0.902212 0.983191 0.849203 
-0.570443 -0.17083 0.423188 0.570737 
-0.761021 -0.574568 0.660523 0.807971 
-0.308936 -0.800431 0.620178 0.14643 
0.850379 0.937981 0.962103 0.753845 
0.439007 -0.253957 0.108087 0.577861 
0.290048 0.236003 0.250351 0.312722 
0.02766 -0.61147 0.397134 -0.0837152 
-0.932961 0.775033 -0.891641 -0.909016 
0.358913 -0.159463 0.217397 0.408267 
0.119255 -0.139731 0.254387 -0.109294 
0.969992 0.863903 0.857981 0.988771 
0.211882 0.483888 0.446269 0.101916 
-0.656751 -0.0947596 -0.00703015 -0.50538 
-0.276266 -0.472863 -0.465445 -0.378107 
0.701681 0.876026 0.885049 0.775646 
0.357007 -0.77733 -0.181517 -0.610352 
0.113422 -0.484275 -0.0437703 -0.22804 
-0.92719 0.401543 0.982413 0.758596 
-0.490631 -0.0528035 0.571047 0.110379 
0.660189 -0.883455 -0.608271 -0.843038 
-0.56871 0.465531 0.551283 0.526407 
-0.0114581 0.587378 0.150219 0.624222 
0.436392 -0.374386 -0.455903 -0.347654 
-0.899684 0.717511 0.877261 0.699631 
0.226078 0.237713 -0.217182 -0.226096 
0.589441 0.920872 -0.944326 -0.68342 
-0.775531 -0.309011 0.247144 0.694131 
-0.476677 0.0376318 0.4884 0.0429004 
-0.137582 0.338796 0.114446 0.370452 
-0.868246 0.940107 0.865083 0.92786 
0.517662 -0.946235 0.921569 0.909922 
-0.74958 0.245151 -0.387252 -0.0993582 
0.412498 0.211047 0.0273326 -0.402703 
-0.0667293 -0.026948 -0.161029 0.0397465 
-0.0417138 -0.40915 0.0522079 -0.418454 
0.996899 0.912069 0.985568 0.907368 
0.665998 0.656417 0.656533 0.677615 
-0.140548 0.409342 0.383662 -0.128118 
0.732593 0.633685 0.649436 0.724171 
0.0269515 -0.759549 0.753537 0.698644 
0.164478 0.629101 -0.651553 -0.577848 
-0.986013 0.165277 0.0875281 -0.421887 
-0.581167 -0.0943133 0.278523 0.716809 
-0.208071 0.0464733 0.185119 0.201583 
-0.786735 0.994457 0.94242 0.667495 
0.36121 0.0733022 -0.363393 -0.320396 
-0.108426 -0.960635 0.381604 -0.126528 
-0.926159 -0.267969 0.849897 0.938796 
-0.216272 -0.675811 0.458917 0.732809 
-0.319189 -0.549837 0.43984 0.580053 
-0.922684 -0.490875 0.771969 0.355708 
-0.456847 0.0264559 0.491863 0.127579 
0.221543 -0.0372639 -0.300093 0.0237786 
-0.861516 -0.998955 0.817322 0.991543 
0.603666 0.898725 0.778931 0.966007 
-0.24117 -0.218422 -0.438413 0.0052935 
-0.759885 0.380244 0.448397 0.258461 
-0.0900321 -0.422812 0.235905 0.435013 
-0.912874 -0.546656 0.82245 0.430475 
-0.39819 -0.72277 0.517615 0.790857 
0.425489 -0.173067 0.166635 -0.340015 
-0.80364 -0.894141 -0.87003 -0.869656 
0.416079 0.412989 0.463984 0.357895 
-0.94384 0.696517 -0.72303 -0.966234 
0.174828 -0.58614 0.539023 0.13433 
0.28036 -0.41389 0.432067 0.219878 
-0.399337 -0.34342 -0.472569 -0.287998 
0.819532 0.479828 0.807353 0.566019 
0.410972 0.807358 0.353355 0.77245 
0.626588 -0.438012 -0.310343 -0.582959 
0.736312 -0.768234 -0.698247 -0.783954 
0.255408 0.466864 0.645088 0.213482 
0.17508 -0.948124 0.434993 -0.0646252 
0.943848 -0.302999 0.850957 0.970742 
0.280175 -0.0961877 0.29437 0.231263 
-0.179328 -0.210003 0.191241 0.190148 
-0.701431 -0.18652 0.0952116 0.579012 
-0.689808 -0.959744 0.976914 0.792836 
-0.719806 -0.74393 -0.73341 -0.733255 
-0.065476 -0.503038 -0.519543 -0.0603225 
0.69108 0.439909 0.438389 0.677272 
-0.349513 0.224455 0.0329319 -0.420688 
-0.930633 -0.117028 -6.48177e-05 0.219016 
0.108454 -0.967432 0.999458 0.880371 
-0.429122 0.433855 -0.156762 -0.609836 
-0.707633 -0.381486 0.502133 0.27608 
-0.561347 -0.816234 0.850464 0.742886 
-0.795243 0.223143 0.568617 0.884315 
-0.342068 0.812089 0.581773 0.204909 
-0.500578 0.539183 0.581563 0.419523 
0.616997 0.0502715 -0.123647 0.364577 
-0.094918 0.192885 0.239827 0.0713073 
0.78122 0.979933 0.962909 0.928439 
-0.141656 0.643407 0.0624741 0.552809 
-0.00544897 0.0240288 0.006941 0.0236566 
-0.989901 0.765147 0.998022 0.832972 
-0.264083 -0.169376 -0.231527 0.152085 
-0.491485 0.196761 -0.498936 -0.179442 
0.829881 -0.965711 0.83514 0.971942 
-0.0160036 -0.630824 0.091061 -0.412316 
0.711993 0.528477 0.727056 0.60639 
0.702004 0.568131 0.680513 0.679917 
0.049488 -0.460983 -0.00979205 0.490856 
-0.008607 -0.00464335 0.0127553 -0.0141751 
-0.998738 -0.887397 0.999871 0.871125 
0.187044 0.458751 0.526534 0.360708 
-0.584807 0.885484 0.793935 0.916932 
0.789313 0.0739339 0.304021 -0.170661 
-0.10275 0.599414 0.119413 -0.379215 
0.391585 -0.762288 0.331318 0.416635 
0.914387 -0.244172 0.935932 0.826203 
-0.632578 0.834343 -0.441521 -0.790566 
0.443647 0.532995 0.59266 0.224841 
0.63484 0.140673 0.673657 0.569607 
-0.0816759 -0.264772 -0.228769 -0.157378 
-0.171865 -0.589136 -0.642342 -0.188218 
0.981729 0.763423 0.731479 0.969436 
-0.0707372 0.509394 0.0941414 0.523316 
-0.472181 0.18091 0.454168 0.169245 
-0.878659 0.841302 0.885928 0.835163 
-0.513077 -0.655725 -0.515369 -0.672294 
-0.306943 -0.621672 -0.369146 -0.644535 
0.801585 0.428425 0.773386 0.364137 
0.75766 -0.981105 -0.646638 -0.913442 
0.651525 -0.100844 -0.751356 -0.387996 
-0.0382974 -0.165119 0.131615 -0.122813 
-0.248779 -0.648282 0.582446 0.642087 
-0.305065 0.55181 -0.385294 -0.701153 
0.919263 -0.52463 0.715755 0.310015 
-0.022173 0.297975 0.292841 0.257363 
-0.23052 -0.77447 -0.521868 -0.87027 
0.972815 0.558039 0.801185 0.419994 
-0.547843 0.702932 0.712364 0.571291 
-0.341353 0.621294 0.62991 0.368509 
-0.763771 0.346237 0.309437 0.733367 
-0.0744651 0.0957598 0.138637 -0.149822 
0.50172 0.0822082 -0.497268 -0.087087 
-0.861819 -0.992004 0.856449 0.98487 
-0.789385 -0.0489333 -0.574522 -0.897874 
0.00180906 0.0642603 -0.0789172 0.0620977 
0.613896 0.996733 0.814676 0.435852 
0.970424 0.941136 0.997385 0.897552 
-0.2152 0.195697 -0.0597831 0.234389 
0.10939 -0.275618 0.040612 -0.373448 
0.197432 0.267029 -0.25665 0.248507 
-0.289577 0.407057 0.267582 0.374824 
-0.936571 0.873499 0.928725 0.893169 
0.0538592 -0.421165 0.0185677 -0.437048 
0.769758 0.584374 0.785639 0.556367 
0.63606 0.693633 0.618407 0.706714 
-0.0451044 0.457664 -0.46477 -0.386512 
0.643207 0.877475 -0.80722 -0.912054 
0.764363 -0.14346 0.363848 -0.136986 
0.221827 -0.0763571 -0.046806 0.187282 
0.329019 0.00780841 -0.088328 0.365774 
0.917899 0.99705 0.994991 0.911666 
0.0104805 -0.522262 0.121449 -0.384027 
-0.00685813 -0.109686 -0.0144242 -0.097589 
0.999922 0.845702 0.992493 0.91815 
-0.147018 0.140796 -0.0964288 0.308045 
-0.818363 0.27569 0.67526 0.837262 
-0.555578 0.950879 0.731249 0.451776 
0.92838 -0.828098 -0.979556 -0.836837 
0.0314866 -0.143617 -0.173015 0.0555228 
-0.370297 -0.541875 0.102643 0.544629 
0.0843721 -0.608027 -0.457611 -0.665252 
0.0987983 0.532022 0.357572 0.618519 
0.991524 0.589283 0.814085 0.41818 
0.778966 -0.978873 -0.963328 -0.926823 
-0.621921 0.0401497 -0.12208 0.367787 
0.0801632 0.200489 0.238946 0.0757062 
-0.869312 -0.481922 -0.821411 -0.4264 
0.16385 0.257805 0.156672 0.266706 
0.466315 0.837429 0.548396 0.864321 
0.773864 -0.470138 -0.606091 -0.787463 
-0.624386 0.56822 0.611858 0.615917 
-0.106192 0.675349 0.508215 0.0234094 
-0.833446 -0.41601 0.691631 0.90532 
0.482223 -0.848283 -0.525387 -0.423259 
-0.269869 -0.327646 0.495595 0.0353166 
-0.367146 0.674809 0.340575 0.71496 
0.06552 0.228847 -0.0470886 0.191149 
-0.927853 0.701613 0.939038 0.672528 
0.825103 0.935449 -0.891391 -0.914833 
0.00281466 -0.331826 0.0944397 0.402846 
-0.564975 -0.121768 0.443286 0.0282132 
-0.681611 -0.00896428 -0.507485 -0.763591 
0.439882 -0.0102504 0.299992 0.502168 
0.58473 0.999907 0.807752 0.405901 
-0.564292 0.317906 -0.275117 -0.600285 
0.502993 -0.133951 0.15685 0.443471 
0.654654 -0.938612 0.94853 0.665576 
-0.425942 -0.480459 -0.405504 -0.412226 
-0.225442 -0.840968 0.0385671 -0.462821 
0.876213 -0.24886 0.913279 0.784772 
-0.016632 0.527283 -0.0612685 -0.539257 
0.0173685 0.0854429 0.0545018 -0.0670532 
0.999711 -0.845383 0.996632 0.839468 
0.238335 -0.0259434 0.179308 0.150537 
0.315528 -0.208343 0.414247 -0.0943801 
0.918498 0.977712 0.892327 0.984089 
0.0690067 0.182317 0.193951 0.148575 
-0.874134 -0.274697 -0.0843308 -0.571122 
0.480758 0.944088 0.97738 0.807307 
-0.855629 -0.636544 0.830055 0.635425 
0.308432 -0.0414946 -0.305319 0.0668529 
-0.415655 -0.770123 0.46668 0.769263 
-0.0134016 -0.447096 -0.0147506 0.407047 
0.0177392 -0.242158 -0.00587242 0.266372 
0.999753 -0.861083 0.999874 0.873704 
-0.0799952 -0.509417 -0.260422 0.151759 
0.0246546 0.83445 -0.107225 0.205831 
0.99649 0.210207 0.959522 0.966749 
0.52809 -0.394181 0.401073 0.333215 
-0.375454 0.914456 -0.899456 -0.879705 
0.761679 0.091607 0.173548 -0.339243 
0.00586549 -0.20039 -0.0130088 -0.22269 
-0.00276989 0.451227 0.0349339 0.482973 
-0.999979 0.86962 0.999305 0.846845 
-0.0830932 0.366234 0.122284 0.592768 
0.687117 -0.0598019 -0.0909872 0.0230525 
0.72178 0.928599 0.988316 0.805043 
-0.692143 0.505716 0.681048 0.588907 
0.086301 -0.655218 0.0334291 -0.470489 
-0.716582 0.561195 0.731475 0.657137 
-0.298746 0.295898 0.482096 0.11352 
0.0997133 -0.907582 -0.283278 0.0412668 
-0.949109 0.297891 0.829058 0.992678 
-0.0108781 0.987869 -0.954038 -0.954902 
0.0650978 0.0333524 0.216371 -0.285632 
-0.99782 -0.151666 0.207354 0.0810946 
0.0647961 -0.302186 -0.0789906 0.343397 
-0.526921 -0.150946 0.482923 0.187597 
-0.847441 -0.941222 0.872093 0.920264 
-0.404002 -0.160212 0.322294 0.0605787 
-0.250742 -0.81062 0.55256 0.88208 
-0.879722 -0.563229 0.768638 0.467189 
0.39074 0.481462 0.658035 0.193851 
-0.792 0.857922 0.732985 0.960377 
-0.469105 0.179346 0.172404 0.200246 
-0.70737 0.203761 0.0765371 0.435865 
0.674132 -0.51664 -0.396072 -0.639693 
-0.212541 0.831604 0.915024 0.633099 
-0.0483012 0.134446 0.11937 0.104901 
0.0712141 -0.458331 -0.584389 -0.101776 
0.996291 0.878554 0.802646 0.989261 
0.60242 0.722422 -0.647006 -0.726796 
0.0435141 0.509654 -0.208857 -0.574792 
-0.796992 -0.46729 0.733323 0.376008 
0.188672 -0.293557 0.27679 0.228554 
-0.229997 0.722918 -0.436822 -0.824992 
0.954727 -0.625471 0.855905 0.516867 
0.0796774 0.404598 -0.281413 0.209923 
0.329918 0.230502 -0.372406 -0.224064 
-0.940641 0.884968 0.884376 0.951697 
0.884992 0.493905 -0.420254 -0.813955 
0.0811671 0.397211 -0.416384 -0.208355 
-0.458476 -0.773486 0.806233 0.542278 
-0.0901124 -0.0273903 -0.241117 0.2356 
-0.237585 -0.986672 -0.937345 -0.970431 
-0.967178 0.160401 0.25149 0.0525032 
-0.338621 0.290304 -0.479543 0.000418517 
0.15292 0.155555 0.0592951 0.226245 
0.928414 0.944207 0.875513 0.97407 
-0.0812596 -0.222822 0.222994 0.142268 
-0.237177 0.293207 -0.331744 0.176333 
-0.968062 -0.92972 0.916635 0.973995 
-0.0120614 0.00644471 -0.253344 0.237468 
-0.0400385 -0.358441 -0.27295 -0.112635 
0.999125 0.93353 0.928071 0.964843 
0.275954 0.164777 0.272997 0.219383 
-0.572752 -0.91419 -0.512598 -0.869343 
0.771884 0.370277 0.814074 0.442848 
0.0214231 0.0906653 -0.0243946 0.162234 
0.00994167 0.52232 0.121133 0.567164 
-0.999721 0.847916 0.992336 0.807469 
-0.132852 0.681378 -0.604494 -0.692311 
-0.0687465 -0.682688 0.605509 0.721299 
-0.988749 -0.263935 0.517635 0.0208148 
-0.315055 -0.297447 0.254848 0.328242 
-0.945212 -0.280564 0.530269 0.0360414 
-0.0855306 -0.912584 0.808621 0.943906 
-0.0024013 -0.0757969 -0.108049 -0.011806 
0.681494 -0.168261 -0.0478825 -0.534512 
-0.73182 0.982824 0.992992 0.845078 
0.00145917 0.0705127 -0.0162475 0.101342 
-0.0181425 -0.538084 -0.0299904 -0.512304 
0.999834 0.839937 0.999418 0.852804 
0.391775 -0.180286 0.402431 0.327352 
-0.149833 0.697022 0.0332233 -0.470026 
0.907779 -0.694015 0.914847 0.819705 
0.322 -0.317845 0.374742 0.300928 
-0.125535 -0.418876 -0.164326 0.347443 
0.93838 -0.850599 0.91245 0.888102 
-0.570867 0.872151 0.855436 0.576652 
0.786455 -0.352693 -0.369634 -0.784489 
-0.235796 0.339059 0.362766 0.228143 
0.411991 0.399936 0.409359 0.389784 
0.646238 0.214419 0.605201 0.140577 
0.64237 0.891109 0.682757 0.910114 
-0.159956 -0.223942 0.268937 0.105882 
-0.292637 0.223263 -0.15339 0.33765 
-0.94275 -0.948685 0.950865 0.935298 
-0.145705 -0.0993192 -0.21429 -0.103246 
-0.961309 0.182817 -0.976761 -0.866034 
-0.233784 -0.978117 0.00410506 -0.489208 
-0.650319 0.357104 0.588782 0.119221 
0.216238 0.666378 0.527315 0.739329 
-0.728235 0.654535 0.612596 0.662705 
-0.45922 -0.840213 0.548056 0.867342 
0.335138 0.100204 -0.34631 -0.036856 
-0.822678 -0.532917 0.761383 0.496346 
0.0322416 -0.00906282 -0.0171158 -0.0549188 
0.519042 -0.00332171 -0.0299685 -0.524098 
-0.854141 0.999953 0.999404 0.849885 
0.753732 0.620325 -0.447403 -0.75268 
0.229003 -0.651509 0.820178 0.427713 
-0.615992 -0.43673 0.356566 0.500535 
0.313367 0.617261 -0.602104 -0.247169 
0.616364 0.185586 -0.297745 -0.672093 
-0.722424 -0.764557 0.740823 0.697996 
0.0636237 0.275489 0.288704 -0.0508518 
-0.67962 0.266397 0.279509 0.640506 
-0.7308 0.923655 0.91571 0.766268 
0.25184 0.623257 0.432956 0.820038 
-0.284645 0.668354 0.786127 0.455853 
-0.924962 0.406022 0.441083 0.346028 
-0.0573107 -0.320145 0.0846173 -0.304965 
0.746359 -0.415071 -0.738081 -0.444375 
-0.663072 0.8516 0.669385 0.842334 
-0.271044 -0.194724 -0.23492 -0.208997 
0.314324 -0.172631 0.311163 -0.204611 
0.9098 0.965547 0.920864 0.956271 
-0.695092 0.260043 0.8138 0.516842 
-0.59288 -0.552616 0.371191 0.782974 
-0.406622 -0.791829 0.447155 0.346158 
0.49789 -0.0541904 0.527686 0.126734 
0.00212935 0.340027 -0.00437086 -0.319227 
0.867238 -0.938853 0.849429 0.939166 
0.318152 -0.492854 0.300942 0.514459 
-0.171365 0.617924 -0.246801 -0.601848 
0.932423 -0.612588 0.921153 0.610828 
0.189864 0.535524 0.0980036 0.444392 
0.544543 0.16632 0.632461 0.258335 
0.816961 0.82798 0.768367 0.857776 
-0.0224633 -0.398869 0.0818019 0.444407 
0.191179 -0.154165 -0.16854 0.185381 
-0.981298 -0.903956 0.982295 0.876434 
0.536921 0.490661 0.536476 0.492866 
-0.0689002 0.537006 -0.0852006 0.424356 
0.840814 0.686205 0.839603 0.759608 
0.341827 -0.556 -0.2795 -0.528643 
0.06274 0.455245 -0.122398 0.302494 
-0.937666 0.695425 0.952312 0.793116 
-0.891051 0.679856 -0.699989 -0.890401 
0.448656 -0.650984 0.631681 0.441887 
-0.0688145 -0.337663 0.333157 -0.10919 
-0.295556 -0.768156 -0.648931 -0.785503 
0.519255 0.0180793 0.292013 -0.193889 
0.801886 0.640008 0.702578 0.587701 
-0.214916 -0.239752 0.411236 0.0695309 
0.0903698 0.969353 -0.897902 -0.971947 
-0.972442 0.0536043 0.157026 -0.224686 
-0.317576 -0.022165 -0.25637 0.0214633 
-0.240244 -0.0130105 0.146458 -0.290299 
0.917294 0.99967 0.955419 0.956695 
-0.118797 -0.289066 -0.183791 -0.300983 
0.0124144 -0.479577 -0.0645992 -0.5319 
0.992841 0.828521 0.98084 0.791512 
0.959453 -0.594529 0.981475 0.788121 
0.258168 -0.591887 0.190724 0.444395 
0.113136 -0.544248 0.0181925 0.425886 
-0.943257 -0.140531 -0.89174 -0.92086 
-0.130169 0.229245 -0.38725 0.110304 
0.305486 -0.963171 0.234174 0.373966 
0.357969 0.129985 0.147208 0.453806 
0.365594 -0.181881 0.068739 0.430955 
0.859185 0.974691 0.986714 0.779961 
-0.339514 -0.233906 0.19822 0.31507 
0.54461 0.0306939 0.0945758 -0.396777 
-0.766896 -0.971775 0.975584 0.862148 
0.467358 0.0731263 0.0360242 -0.410067 
0.266012 -0.129713 -0.0782955 -0.30292 
-0.843098 0.988851 0.996279 0.860282 
0.273301 0.363982 0.419126 0.0283427 
-0.0233145 0.233328 -0.20287 0.119125 
0.961646 -0.901707 0.884973 0.992475 
0.670065 0.278272 -0.514865 -0.72257 
-0.198898 0.309104 -0.0588932 0.341392 
-0.715159 -0.909406 0.855246 0.60112 
-0.131943 0.158313 0.100739 -0.183083 
-0.173449 -0.551623 0.196252 0.586844 
-0.975964 -0.818932 0.975365 0.78873 
0.664814 0.186656 0.170187 0.636647 
-0.738272 -0.966366 -0.964732 -0.764785 
0.113915 0.176906 0.200822 0.0989154 
-0.429175 0.792043 -0.227516 -0.620642 
-0.215466 0.516202 -0.383269 -0.066364 
0.877145 0.325887 0.895177 0.78128 
0.976866 0.665246 0.552989 0.893669 
0.187951 0.440891 0.490393 0.300498 
0.102019 0.602547 0.673585 0.333253 
0.00175432 -0.130067 0.134151 -0.303637 
0.0754712 0.410976 0.193706 0.439307 
-0.997146 0.90232 0.971844 0.845466 
0.635195 0.571927 -0.60025 -0.644112 
-0.528497 -0.019699 0.0843094 0.535776 
-0.563222 -0.820068 0.795356 0.545952 
0.304332 -0.714597 -0.688009 -0.325088 
0.742436 -0.357471 -0.375117 -0.742503 
-0.5968 0.601303 0.621234 0.585668 
-0.38208 -0.215302 0.349328 -0.134516 
-0.142926 0.432858 -0.448274 -0.307993 
0.91301 -0.875374 0.822812 0.941831 
