0.502276 0.497724 
0.490608 0.509392 
0.49352 0.50648 
0.487715 0.512285 
0.489018 0.510982 
0.500261 0.499739 
0.498485 0.501515 
0.491433 0.508567 
0.516302 0.483698 
0.48574 0.51426 
0.480219 0.519781 
0.488202 0.511798 
0.495691 0.504309 
0.473861 0.526139 
0.492619 0.507381 
0.503008 0.496992 
0.513158 0.486842 
0.490132 0.509868 
0.476789 0.523211 
0.511178 0.488822 
0.503779 0.496221 
0.49128 0.50872 
0.529531 0.470469 
0.489739 0.510261 
0.503246 0.496754 
0.493596 0.506404 
0.508611 0.491389 
0.516096 0.483904 
0.522244 0.477756 
0.521642 0.478358 
0.490485 0.509515 
0.519346 0.480654 
0.510208 0.489792 
0.496813 0.503187 
0.500109 0.499891 
0.502945 0.497055 
0.497176 0.502824 
0.497622 0.502378 
0.481304 0.518696 
0.480702 0.519298 
0.508789 0.491211 
0.499586 0.500414 
0.481291 0.518709 
0.50298 0.49702 
0.51007 0.48993 
0.513195 0.486805 
0.520911 0.479089 
0.496231 0.503769 
0.499396 0.500604 
0.491161 0.508839 
0.48988 0.51012 
0.496623 0.503377 
0.489195 0.510805 
0.490312 0.509688 
0.507022 0.492978 
0.498327 0.501673 
0.483428 0.516572 
0.462165 0.537835 
0.511363 0.488637 
0.507525 0.492475 
0.49826 0.50174 
0.508798 0.491202 
0.528379 0.471621 
0.501465 0.498535 
0.542568 0.457432 
0.484211 0.515789 
0.495237 0.504763 
0.482651 0.517349 
0.494974 0.505026 
0.51848 0.48152 
0.535426 0.464574 
0.514025 0.485975 
0.493557 0.506443 
0.52738 0.47262 
0.507108 0.492892 
0.52058 0.47942 
0.506302 0.493698 
0.505715 0.494285 
0.500565 0.499435 
0.476542 0.523458 
0.483973 0.516027 
0.489791 0.510209 
0.526023 0.473977 
0.496315 0.503685 
0.496305 0.503695 
0.509406 0.490594 
0.502981 0.497019 
0.495476 0.504524 
0.497864 0.502136 
0.513263 0.486737 
0.510521 0.489479 
0.485343 0.514657 
0.520565 0.479435 
0.499215 0.500785 
0.498692 0.501308 
0.494697 0.505303 
0.505878 0.494122 
0.476608 0.523392 
0.501196 0.498804 
0.50534 0.49466 
0.489256 0.510744 
0.495261 0.504739 
0.50213 0.49787 
0.497846 0.502154 
0.472063 0.527937 
0.50594 0.49406 
0.484369 0.515631 
0.512109 0.487891 
0.499221 0.500779 
0.503768 0.496232 
0.492582 0.507418 
0.511031 0.488969 
0.499305 0.500695 
0.479157 0.520843 
0.484208 0.515792 
0.487398 0.512602 
0.510492 0.489508 
0.505941 0.494059 
0.482305 0.517695 
0.50739 0.49261 
0.50095 0.49905 
0.524566 0.475434 
0.494919 0.505081 
0.492199 0.507801 
0.486605 0.513395 
0.507281 0.492719 
0.502188 0.497812 
0.503597 0.496403 
0.46893 0.53107 
0.496471 0.503529 
0.515759 0.484241 
0.49551 0.50449 
0.521071 0.478929 
0.490007 0.509993 
0.479115 0.520885 
0.487108 0.512892 
0.502636 0.497364 
0.491054 0.508946 
0.492197 0.507803 
0.472778 0.527222 
0.498092 0.501908 
0.498168 0.501832 
0.519312 0.480688 
0.501662 0.498338 
0.485578 0.514422 
0.517404 0.482596 
0.522015 0.477985 
0.503543 0.496457 
0.488343 0.511657 
0.481971 0.518029 
0.481681 0.518319 
0.502153 0.497847 
0.505707 0.494293 
0.47547 0.52453 
0.511546 0.488454 
0.493471 0.506529 
0.498692 0.501308 
0.500658 0.499342 
0.514146 0.485854 
0.497768 0.502232 
0.48724 0.51276 
0.494801 0.505199 
0.488221 0.511779 
0.483266 0.516734 
0.510017 0.489983 
0.477126 0.522874 
0.495841 0.504159 
0.5014 0.4986 
0.500363 0.499637 
0.49734 0.50266 
0.512005 0.487995 
0.488289 0.511711 
0.496309 0.503691 
0.524537 0.475463 
0.513035 0.486965 
0.499382 0.500618 
0.501808 0.498192 
0.518924 0.481076 
0.502274 0.497726 
0.513044 0.486956 
0.491323 0.508677 
0.731406 0.268594 
0.495133 0.504867 
0.492283 0.507717 
0.489752 0.510248 
0.482703 0.517297 
0.512953 0.487047 
0.492086 0.507914 
0.483823 0.516177 
0.525237 0.474763 
0.488805 0.511195 
0.520844 0.479156 
0.508263 0.491737 
0.518027 0.481973 
0.521956 0.478044 
0.505095 0.494905 
0.497519 0.502481 
0.498484 0.501516 
0.509289 0.490711 
0.509095 0.490905 
