0.549551 0.450449 
0.545359 0.454641 
0.482075 0.517925 
0.523551 0.476449 
0.541065 0.458935 
0.676725 0.323275 
0.439894 0.560106 
0.46364 0.53636 
0.53834 0.46166 
0.569135 0.430865 
0.476952 0.523048 
0.490402 0.509598 
0.511388 0.488612 
0.683347 0.316653 
0.52909 0.47091 
0.496253 0.503747 
0.503292 0.496708 
0.527366 0.472634 
0.502088 0.497912 
0.560648 0.439352 
0.465838 0.534162 
0.496299 0.503701 
0.554912 0.445088 
0.505981 0.494019 
0.513569 0.486431 
0.52156 0.47844 
0.525206 0.474794 
0.485641 0.514359 
0.487137 0.512863 
0.488849 0.511151 
0.544154 0.455846 
0.520895 0.479105 
0.523249 0.476751 
0.528409 0.471591 
0.533996 0.466004 
0.528209 0.471791 
0.48235 0.51765 
0.53733 0.46267 
0.78611 0.21389 
0.51863 0.48137 
0.502602 0.497398 
0.502191 0.497809 
0.46443 0.53557 
0.498895 0.501105 
0.335179 0.664821 
0.470694 0.529306 
0.487917 0.512083 
0.544849 0.455151 
0.548282 0.451718 
0.475273 0.524727 
0.479494 0.520506 
0.515471 0.484529 
0.489799 0.510201 
0.517074 0.482926 
0.481678 0.518322 
0.502927 0.497073 
0.439566 0.560434 
0.522081 0.477919 
0.549094 0.450906 
0.491834 0.508166 
0.517186 0.482814 
0.493839 0.506161 
0.475891 0.524109 
0.554047 0.445953 
0.511749 0.488251 
0.536312 0.463688 
0.47163 0.52837 
0.527848 0.472152 
0.575427 0.424573 
0.556144 0.443856 
0.518951 0.481049 
0.529932 0.470068 
0.539881 0.460119 
0.527933 0.472067 
0.548643 0.451357 
0.566494 0.433506 
0.560075 0.439925 
0.472031 0.527969 
0.5038 0.4962 
0.478168 0.521832 
0.521119 0.478881 
0.525572 0.474428 
0.536293 0.463707 
0.499949 0.500051 
0.449582 0.550418 
0.56829 0.43171 
0.48816 0.51184 
0.464599 0.535401 
0.530705 0.469295 
0.477303 0.522697 
0.456761 0.543239 
0.532688 0.467312 
0.515355 0.484645 
0.482744 0.517256 
0.52549 0.47451 
0.553888 0.446112 
0.469258 0.530742 
0.556012 0.443988 
0.555174 0.444826 
0.506777 0.493223 
0.537674 0.462326 
0.536372 0.463628 
0.485118 0.514882 
0.497597 0.502403 
0.548475 0.451525 
0.540247 0.459753 
0.461465 0.538535 
0.541929 0.458071 
0.494714 0.505286 
0.533984 0.466016 
0.479263 0.520737 
0.44803 0.55197 
0.693236 0.306764 
0.451497 0.548503 
0.538186 0.461814 
0.4732 0.5268 
0.498412 0.501588 
0.556899 0.443101 
0.486228 0.513772 
0.343112 0.656888 
0.503502 0.496498 
0.42963 0.57037 
0.486639 0.513361 
0.513407 0.486593 
0.491796 0.508204 
0.42956 0.57044 
0.516949 0.483051 
0.468424 0.531576 
0.499984 0.500016 
0.505775 0.494225 
0.474868 0.525132 
0.545759 0.454241 
0.508354 0.491646 
0.576972 0.423028 
0.220047 0.779953 
0.544312 0.455688 
0.546252 0.453748 
0.481677 0.518323 
0.479805 0.520195 
0.556512 0.443488 
0.568734 0.431266 
0.437506 0.562494 
0.426804 0.573196 
0.492362 0.507638 
0.541584 0.458416 
0.535381 0.464619 
0.704702 0.295298 
0.488666 0.511334 
0.536042 0.463958 
0.488101 0.511899 
0.495615 0.504385 
0.543196 0.456804 
0.515677 0.484323 
0.550583 0.449417 
0.502782 0.497218 
0.489511 0.510489 
0.521788 0.478212 
0.465718 0.534282 
0.487777 0.512223 
0.450964 0.549036 
0.503889 0.496111 
0.471532 0.528468 
0.479464 0.520536 
0.506441 0.493559 
0.536965 0.463035 
0.531334 0.468666 
0.564627 0.435373 
0.491024 0.508976 
0.489719 0.510281 
0.498084 0.501916 
0.533306 0.466694 
0.450089 0.549911 
0.449942 0.550058 
0.547518 0.452482 
0.471749 0.528251 
0.499852 0.500148 
0.483915 0.516085 
0.508933 0.491067 
0.482159 0.517841 
0.45072 0.54928 
0.49606 0.50394 
0.477235 0.522765 
0.560929 0.439071 
0.490758 0.509242 
0.509291 0.490709 
0.517194 0.482806 
0.547315 0.452685 
0.494053 0.505947 
0.491523 0.508477 
0.515681 0.484319 
0.35673 0.64327 
0.507518 0.492482 
0.516923 0.483077 
0.476927 0.523073 
0.601706 0.398294 
0.480473 0.519527 
0.537791 0.462209 
0.434063 0.565937 
0.557327 0.442673 
0.447327 0.552673 
