0.442735 0.557265 
0.459084 0.540916 
0.523153 0.476847 
0.491532 0.508468 
0.471071 0.528929 
0.515888 0.484112 
0.507813 0.492187 
0.508909 0.491091 
0.502886 0.497114 
0.500874 0.499126 
0.529441 0.470559 
0.513676 0.486324 
0.503499 0.496501 
0.456955 0.543045 
0.526179 0.473821 
0.558869 0.441131 
0.530973 0.469027 
0.48733 0.51267 
0.463361 0.536639 
0.499062 0.500938 
0.487366 0.512634 
0.509947 0.490053 
0.518315 0.481685 
0.511319 0.488681 
0.493523 0.506477 
0.472348 0.527652 
0.574488 0.425512 
0.494306 0.505694 
0.516134 0.483866 
0.489355 0.510645 
0.494464 0.505536 
0.533692 0.466308 
0.555473 0.444527 
0.489552 0.510448 
0.493635 0.506365 
0.467163 0.532837 
0.510954 0.489046 
0.467148 0.532852 
0.423959 0.576041 
0.502935 0.497065 
0.484091 0.515909 
0.47435 0.52565 
0.474625 0.525375 
0.529566 0.470434 
0.481739 0.518261 
0.490194 0.509806 
0.494087 0.505913 
0.484541 0.515459 
0.502051 0.497949 
0.515315 0.484685 
0.501492 0.498508 
0.474047 0.525953 
0.537775 0.462225 
0.478223 0.521777 
0.509682 0.490318 
0.470868 0.529132 
0.45137 0.54863 
0.455189 0.544811 
0.570181 0.429819 
0.574089 0.425911 
0.449244 0.550756 
0.500968 0.499032 
0.515528 0.484472 
0.53853 0.46147 
0.480405 0.519595 
0.487324 0.512676 
0.462449 0.537551 
0.497567 0.502433 
0.487639 0.512361 
0.501449 0.498551 
0.507704 0.492296 
0.462964 0.537036 
0.547518 0.452482 
0.514032 0.485968 
0.501138 0.498862 
0.491254 0.508746 
0.484516 0.515484 
0.627889 0.372111 
0.500673 0.499327 
0.542355 0.457645 
0.470319 0.529681 
0.494249 0.505751 
0.515469 0.484531 
0.494745 0.505255 
0.523211 0.476789 
0.455105 0.544895 
0.46757 0.53243 
0.490544 0.509456 
0.508883 0.491117 
0.504495 0.495505 
0.481363 0.518637 
0.51682 0.48318 
0.460789 0.539211 
0.504631 0.495369 
0.455473 0.544527 
0.492974 0.507026 
0.551801 0.448199 
0.472562 0.527438 
0.569827 0.430173 
0.46694 0.53306 
0.447904 0.552096 
0.476701 0.523299 
0.494634 0.505366 
0.534153 0.465847 
0.494012 0.505988 
0.506904 0.493096 
0.48849 0.51151 
0.471206 0.528794 
0.444794 0.555206 
0.469592 0.530408 
0.492655 0.507345 
0.53964 0.46036 
0.495363 0.504637 
0.513657 0.486343 
0.425946 0.574054 
0.557443 0.442557 
0.486936 0.513064 
0.45611 0.54389 
0.512806 0.487194 
0.46662 0.53338 
0.48417 0.51583 
0.519553 0.480447 
0.493189 0.506811 
0.51272 0.48728 
0.512819 0.487181 
0.507976 0.492024 
0.545924 0.454076 
0.533565 0.466435 
0.519375 0.480625 
0.482016 0.517984 
0.510319 0.489681 
0.509433 0.490567 
0.490532 0.509468 
0.444504 0.555496 
0.49247 0.50753 
0.533502 0.466498 
0.517767 0.482233 
0.477825 0.522175 
0.49846 0.50154 
0.488468 0.511532 
0.471783 0.528217 
0.482576 0.517424 
0.445363 0.554637 
0.524118 0.475882 
0.479817 0.520183 
0.512348 0.487652 
0.508559 0.491441 
0.454858 0.545142 
0.531563 0.468437 
0.543151 0.456849 
0.473377 0.526623 
0.500238 0.499762 
0.498349 0.501651 
0.506494 0.493506 
0.503379 0.496621 
0.516491 0.483509 
0.520569 0.479431 
0.514919 0.485081 
0.553269 0.446731 
0.510853 0.489147 
0.747753 0.252247 
0.482731 0.517269 
0.493954 0.506046 
0.550326 0.449674 
0.521583 0.478417 
0.525933 0.474067 
0.495908 0.504092 
0.47506 0.52494 
0.452303 0.547697 
0.483778 0.516222 
0.476523 0.523477 
0.525705 0.474295 
0.524918 0.475082 
0.570013 0.429987 
0.501905 0.498095 
0.461891 0.538109 
0.490201 0.509799 
0.49625 0.50375 
0.47718 0.52282 
0.545273 0.454727 
0.476301 0.523699 
0.541684 0.458316 
0.500436 0.499564 
0.472356 0.527644 
0.504773 0.495227 
0.482264 0.517736 
0.470628 0.529372 
0.484771 0.515229 
0.498133 0.501867 
0.514696 0.485304 
0.523117 0.476883 
0.505758 0.494242 
0.502001 0.497999 
0.455 0.545 
0.538135 0.461865 
0.517657 0.482343 
0.504003 0.495997 
0.503313 0.496687 
0.477038 0.522962 
0.459624 0.540376 
