0.276248 -0.56177 0.837307 0.218597 
-0.147689 0.7865 -0.493337 -0.943697 
-0.949671 -0.256578 0.235657 0.248297 
-0.54036 0.240078 -0.474206 0.252704 
-0.451949 -0.713035 -0.499079 -0.723741 
0.709756 0.658743 0.725292 0.642137 
-0.391993 0.870693 0.723444 0.913364 
0.0759288 0.473192 0.673329 0.154168 
-0.916829 -0.134101 0.152502 -0.376826 
0.91537 -0.510811 -0.463896 -0.909778 
0.0859923 -0.696051 -0.726836 -0.114096 
-0.393324 0.504564 0.506468 0.399107 
0.397495 0.0159801 -0.362593 -0.037401 
0.826793 0.956489 -0.856931 -0.946438 
-0.398009 0.291331 0.366328 -0.320713 
-0.794751 -0.132577 -0.108047 -0.779266 
-0.0347275 0.0295358 0.00508214 0.0152604 
0.605941 0.990733 0.994133 0.626508 
-0.692523 -0.585261 0.898956 0.331397 
0.593142 -0.521323 -0.327798 -0.786883 
-0.410602 0.621041 0.290561 0.520568 
-0.246391 0.688165 -0.405426 -0.719187 
0.199119 0.451343 0.00204081 -0.524476 
0.948495 -0.568083 0.914126 0.455736 
-0.140599 0.91514 -0.698018 -0.999733 
0.0932262 0.342293 -0.594005 -6.59114e-05 
0.985668 -0.212963 0.399911 0.023094 
0.273871 -0.193783 0.244128 0.217856 
-0.628187 0.980274 -0.640175 -0.975131 
0.728268 -0.0388723 0.728407 0.0407292 
-0.407217 -0.901075 0.90246 0.443277 
-0.730112 -0.433526 0.430418 0.734342 
0.548736 0.0108963 0.0175217 -0.51405 
0.702989 -0.0222853 -0.00450418 0.702551 
-0.0572707 0.0114987 -0.00282907 -0.0458977 
0.708891 -0.999686 0.999986 0.710151 
0.0123721 0.688709 0.00474284 0.688829 
-0.00803118 0.210919 0.000555292 0.173921 
0.999891 0.693681 0.999989 0.703751 
0.749437 -0.508345 -0.754786 -0.531598 
0.135358 0.574904 -0.155161 0.576743 
-0.648091 0.641149 0.637357 0.620299 
-0.05859 0.0213892 -0.0108312 0.0573011 
-0.508818 -0.277689 -0.286248 0.47204 
-0.858878 0.960433 0.958094 0.879713 
-0.0130431 0.706942 -0.746366 -0.0790932 
-0.156356 -0.0808791 0.0553008 -0.131723 
0.987615 -0.702632 0.663234 0.988126 
0.534281 0.210377 0.201285 -0.549785 
0.383689 -0.476309 -0.496637 -0.399693 
-0.753211 0.853739 0.844296 0.733473 
-0.0980782 -0.618086 -0.633909 -0.394924 
0.994697 0.579953 0.352158 0.895465 
-0.0309596 0.530683 0.688582 0.205373 
0.158495 -0.421018 0.188822 0.440212 
0.0331689 -0.695561 0.141921 0.719568 
0.986803 -0.582185 0.971702 0.537061 
0.706744 0.945166 -0.916634 -0.861093 
0.565212 0.126781 -0.373125 0.0251562 
-0.425497 0.300979 0.143384 -0.507825 
0.53347 0.00517668 -0.0402061 0.613124 
0.466318 0.0022152 0.193334 0.432317 
0.705661 -0.999984 0.980309 0.661196 
-0.0263063 0.820578 -0.876445 -0.628509 
-0.0476165 -0.494633 0.479972 0.379769 
-0.998519 0.286339 0.0383412 -0.678787 
-0.0142468 0.128269 -0.160562 0.0771078 
0.684807 -0.0598218 0.0105987 -0.672349 
-0.728585 -0.989934 0.986969 0.736207 
0.779138 -0.0727071 0.766048 0.0916355 
-0.624867 0.979974 -0.640214 -0.978062 
0.0498633 -0.185379 0.0574142 0.187075 
0.827902 0.12361 0.895803 0.352895 
0.334962 0.37208 0.305224 0.372429 
0.449864 0.919933 0.323072 0.858348 
-0.251632 0.436041 0.46915 -0.214051 
0.480244 0.686004 0.681521 0.487165 
0.840266 0.582466 0.561629 0.846672 
0.738791 -0.987065 0.982284 0.748568 
-0.603388 0.0529285 -0.0374986 -0.602586 
-0.300183 -0.151331 0.183608 -0.276653 
-0.565445 -0.986058 -0.968422 -0.50884 
-0.821724 -0.161935 -0.247703 -0.859224 
0.0709986 0.0382892 0.0283092 0.0530675 
0.164504 0.546345 0.506014 0.0748921 
0.680066 0.0222711 0.110564 0.720716 
0.714457 0.837264 0.85541 0.689173 
0.0216251 0.38151 0.0689976 0.408658 
0.0297657 -0.648768 -0.138676 -0.696867 
-0.999323 0.658445 0.987931 0.589385 
0.375893 -0.0681646 0.155085 0.366964 
-0.836645 0.312254 -0.414057 -0.872717 
0.398409 -0.94755 0.896942 0.322029 
-0.919149 -0.429015 -0.909437 -0.376963 
-0.337511 -0.898499 -0.380083 -0.92273 
0.203103 0.0929818 0.168704 0.0804253 
-0.0189534 0.703718 0.0124173 -0.647971 
-0.400941 0.0810565 -0.437482 -0.0773786 
0.915908 -0.70584 0.899141 0.757724 
-0.0895138 0.0923547 -0.0704663 0.0845252 
-0.169019 0.578189 -0.179468 0.554223 
0.98154 0.810659 0.981237 0.828066 
-0.429226 0.82992 0.822075 0.449042 
-0.325301 -0.259139 -0.274521 0.298936 
-0.842582 0.494044 0.49883 0.84202 
0.0248148 -0.00609111 -0.0329234 0.0895604 
0.0302102 0.688199 -0.717594 -0.0242099 
0.999235 -0.725496 0.695683 0.995687 
0.328978 -0.83935 0.848398 0.334163 
0.835371 -0.274204 0.2561 0.822962 
0.440375 -0.469365 0.463285 0.459422 
-0.126547 0.935874 0.718841 0.9993 
-0.0836294 0.317614 0.654837 -0.0265449 
0.988429 0.152514 0.233356 0.0263591 
-0.399312 0.391225 0.405521 -0.354991 
-0.385813 -0.375211 0.42193 0.354907 
-0.831684 -0.840333 0.810881 0.864883 
-0.112733 0.519833 -0.100184 0.522401 
0.475619 0.679784 0.455593 0.687439 
0.872398 0.517367 0.884533 0.504505 
-0.0637431 -0.0359633 0.080018 0.0340225 
-0.556829 -0.987603 0.986141 0.596052 
-0.828177 -0.152799 0.145338 0.802225 
0.81512 0.797154 -0.856514 -0.783185 
0.573627 0.178159 -0.185085 -0.601928 
0.080818 -0.576892 0.481795 -0.155897 
-0.783588 0.74886 -0.770188 -0.800135 
0.522595 0.276045 0.549802 -0.172564 
0.335982 -0.602501 0.323309 0.574461 
-0.533548 0.42893 -0.564179 -0.423139 
0.202357 -0.834225 0.243759 0.842488 
0.821206 -0.346536 0.788849 0.333418 
0.326124 -0.555424 -0.320499 -0.6205 
-0.665502 0.83064 0.648908 0.784206 
-0.67138 -0.039253 0.690071 -0.000927908 
-0.745976 0.887995 0.890263 0.722487 
0.586972 -0.24559 -0.301244 -0.600559 
0.314618 0.388781 0.34159 -0.342551 
0.005727 -0.60361 -0.00175762 0.55769 
-0.0293801 -0.396851 -0.0140634 0.423119 
-0.999552 -0.691494 0.9999 0.714109 
-0.46336 0.304817 0.435653 -0.327559 
-0.169727 -0.204806 -0.157306 -0.201269 
0.869765 0.93013 0.886262 0.923144 
0.0105702 0.510861 -0.123844 -0.515347 
-0.0822622 0.570422 -0.112636 -0.63046 
0.996555 -0.643148 0.985888 0.580463 
0.782533 0.127469 0.0861393 0.76163 
-0.222413 -0.483481 -0.492828 -0.255116 
0.581527 0.866024 0.865853 0.595681 
-0.158787 0.0451056 0.191131 -0.255311 
0.0345045 -0.996489 0.904492 0.936708 
0.98671 -0.070528 0.381266 -0.239571 
-0.385148 0.375982 0.360928 0.391163 
-0.827002 0.169143 0.319005 0.857753 
-0.409546 0.911059 0.876337 0.333545 
-0.181439 0.227887 0.211449 -0.193543 
-0.485975 0.183926 0.526428 -0.104983 
-0.854932 -0.956158 0.823507 0.975459 
0.694051 0.488397 -0.699503 -0.478138 
-0.633761 -0.0958393 0.643878 0.16323 
-0.341528 -0.867343 0.310027 0.862983 
-0.134088 0.546816 -0.483178 0.177085 
0.642518 0.235333 -0.301241 -0.673884 
-0.754448 -0.803499 0.822066 0.717301 
0.874475 -0.956244 0.962367 0.870056 
-0.381742 -0.262472 0.250343 -0.396284 
-0.299276 -0.129253 0.10573 -0.293193 
-0.0694072 -0.211605 -0.122856 -0.192611 
-0.0787379 0.640624 0.00863691 0.705001 
0.994476 0.738122 0.992387 0.682551 
0.738141 -0.427979 -0.515952 -0.751714 
0.319792 0.363378 0.284 -0.389745 
-0.594038 0.827521 0.808169 0.532 
0.4027 0.0668282 -0.125492 0.401068 
0.877151 -0.952241 0.941801 0.8839 
-0.261608 -0.297944 0.31187 -0.240551 
-0.145215 -0.653028 0.0754624 0.579487 
0.0109163 0.473665 0.115625 -0.390432 
-0.98934 -0.590928 0.990422 0.715373 
0.0370895 -0.698704 0.0191184 0.704941 
0.0353399 0.00937792 -0.150669 0.0412843 
-0.998687 -0.715349 0.988399 0.708064 
-0.817139 0.367599 -0.831137 -0.362501 
-0.286629 0.887786 -0.295096 -0.87858 
0.500128 -0.276961 0.471306 0.310952 
0.349376 0.0590344 0.0268197 0.378118 
-0.182206 0.532577 0.513149 -0.164757 
0.919096 0.84432 0.85788 0.910979 
0.790213 0.169419 -0.434425 -0.934735 
0.232824 0.256416 -0.396134 -0.0385939 
-0.566883 0.951603 0.808921 0.353244 
0.465264 0.762237 -0.469353 -0.744312 
0.699879 -0.0327947 -0.727049 -0.0323214 
-0.54194 -0.646467 0.501106 0.667049 
-0.244649 -0.541619 0.180303 -0.553333 
-0.403227 0.243072 0.4177 0.217471 
-0.881791 0.804714 0.890515 0.80407 
-0.346252 0.0892731 0.329034 0.0401722 
0.542513 -0.984445 -0.626315 -0.99409 
-0.765369 0.151324 0.706729 0.100853 
0.46684 0.663841 -0.639206 -0.471509 
0.346561 -0.370015 0.382073 -0.351164 
-0.813607 -0.649926 0.66741 0.808927 
-0.87548 0.594887 -0.885819 -0.653839 
-0.44804 0.549036 -0.418337 -0.553439 
0.181094 0.587085 0.200797 -0.515945 
-0.161559 0.519902 0.0725115 0.735154 
0.255763 -0.699133 -0.651214 -0.55884 
-0.953144 0.490832 0.755422 0.383726 
0.00187751 0.305219 0.274222 -0.0433092 
0.996656 -0.751101 -0.819413 -0.983911 
0.0816843 0.585396 0.503354 -0.17333 
0.444533 -0.000977902 -0.0105595 -0.436416 
0.530167 -0.0548814 0.0441056 -0.530588 
-0.72202 -0.998492 0.998971 0.726648 
0.808049 0.167925 0.767716 0.124036 
0.577133 0.982824 0.63135 0.986965 
0.118211 -0.0765324 0.10959 -0.102544 
-0.0700911 -0.167135 0.0602776 -0.194529 
0.884968 -0.949485 -0.896671 -0.939529 
-0.460347 -0.265602 0.438575 -0.281858 
-0.461689 0.221002 -0.119705 0.484359 
-0.123032 -0.528304 0.532333 0.0636098 
-0.878468 -0.819788 0.838029 0.872554 
-0.873884 -0.424902 0.433621 0.866822 
0.120868 0.748932 -0.763298 -0.132331 
-0.470869 -0.508487 0.478904 0.480736 
-0.0209282 0.766324 -0.182887 -0.78539 
0.0595927 0.146523 0.044923 -0.207401 
0.998003 -0.625522 0.982107 0.583222 
0.326717 0.91382 -0.894665 -0.333211 
-0.771756 -0.283014 0.287585 0.76184 
-0.545572 -0.291265 0.341862 0.555491 
-0.623993 0.731587 -0.731611 -0.649485 
0.590065 0.137321 -0.186847 0.560726 
0.512304 -0.667775 0.655617 0.513572 
-0.702982 -0.0777773 0.74984 0.204843 
-0.710439 -0.903794 0.655797 0.896489 
-0.0330627 0.420842 0.0875803 -0.39287 
-0.736574 0.602656 -0.628749 -0.724026 
-0.501801 0.726454 -0.7206 -0.529044 
-0.453492 -0.330258 0.292252 -0.442606 
0.204012 0.604228 0.266303 0.799208 
0.274776 -0.784641 -0.88859 -0.594224 
-0.939615 0.138732 0.373485 -0.0903545 
0.332936 0.277807 0.330788 0.266596 
0.352223 -0.440755 0.301892 -0.45934 
0.874696 0.853556 0.894114 0.847309 
0.932078 -0.680201 -0.668923 -0.928736 
-0.321418 0.487239 0.503854 0.3373 
0.167099 0.547653 0.54651 -0.153878 
0.317131 -0.81294 0.929831 0.556645 
0.514059 0.148008 0.135949 -0.415458 
-0.796976 -0.563225 0.341953 0.719403 
0.137601 0.118703 0.116826 -0.217728 
-0.731832 0.0199648 0.209352 0.780298 
-0.667448 0.992729 0.970836 0.586284 
0.0374339 0.578977 -0.682701 -0.158196 
-0.0045678 -0.251445 -0.0469041 0.496436 
0.999289 -0.775604 0.729191 0.853537 
0.379009 -0.360111 0.389248 -0.35789 
0.21076 0.329827 0.179802 0.342199 
0.901073 0.872659 0.903414 0.868801 
-0.956633 -0.746605 -0.949078 -0.774994 
-0.281807 -0.0519454 -0.306098 -0.0603047 
0.0737405 -0.663237 0.0745251 -0.629085 
-0.621822 0.0831221 -0.00957857 -0.550846 
-0.470344 0.0143247 0.0440917 -0.420229 
0.62619 -0.996436 0.998982 0.721093 
0.206961 0.0467642 -0.0431613 -0.219952 
-0.71054 0.00652623 0.0453003 0.712171 
-0.672533 -0.998885 0.998041 0.666658 
0.890741 0.279801 -0.656697 -0.914831 
-0.209979 0.368501 -0.0700367 0.36369 
-0.403099 -0.88652 0.750896 0.17554 
0.466087 0.952893 -0.466111 -0.950681 
0.669542 0.126836 -0.628138 -0.152188 
-0.578339 -0.275513 0.623044 0.270269 
0.414576 -0.91073 0.425005 0.911779 
0.760882 -0.232493 0.774053 0.193175 
0.499184 -0.341348 0.469268 0.362412 
0.0986034 0.655341 0.0963345 0.662289 
-0.276023 -0.545868 -0.280083 -0.54557 
0.95608 0.522069 0.95513 0.513543 
0.194712 -0.0917675 0.0328438 0.213673 
-0.499052 -0.272818 0.281925 -0.455711 
0.844414 -0.957679 0.958874 0.864102 
-0.685051 0.884723 -0.706705 -0.884142 
0.575506 -0.382214 0.576126 0.357355 
0.446652 0.266793 0.410667 -0.300981 
-0.636668 0.827118 0.891585 0.615333 
-0.731063 -0.391091 -0.448551 -0.249514 
0.245359 0.403638 0.0622753 0.747735 
-0.958098 0.190846 0.959354 0.792871 
-0.202349 0.961746 -0.145703 0.5939 
-0.202739 -0.196527 0.241682 0.136523 
-0.0296974 0.714496 -0.880426 -0.421142 
0.286574 -0.684202 0.382859 0.906199 
-0.957598 -0.146162 0.279768 -0.0379747 
0.111698 0.741477 -0.0395335 -0.672951 
-0.786112 -0.299251 0.815654 0.389178 
-0.607908 -0.60055 0.577188 0.629029 
0.749257 -0.0855235 -0.122563 -0.741858 
-0.135494 0.442133 0.461179 0.0641865 
-0.648272 0.892863 0.878802 0.667478 
0.772802 0.00379411 -0.438755 0.32275 
-0.0264466 0.0195294 0.00688631 -0.0543464 
-0.634097 -0.999802 0.898581 0.944923 
0.604169 -0.091293 0.215163 -0.531878 
0.0687219 -0.0436465 0.0584299 -0.0464658 
-0.793887 -0.994867 0.974829 0.845545 
-0.20657 0.682257 0.27464 0.703717 
0.454334 0.191731 -0.396359 0.206295 
-0.86655 0.705525 0.876055 0.679872 
-0.574732 0.446034 0.474368 0.575578 
-0.804215 0.661333 0.674719 0.796941 
0.151397 0.603069 0.565446 -0.18329 
-0.961153 0.715676 0.944419 0.795398 
-0.255096 -0.241427 0.327637 -0.182132 
-0.105413 0.655378 0.0269703 0.578074 
-0.801213 -0.84442 0.8266 0.810665 
0.248367 0.513214 -0.548765 -0.1932 
0.544401 -0.153514 0.124856 -0.552717 
0.366012 0.68513 0.288396 0.84257 
0.620702 -0.300524 -0.556033 -0.090314 
-0.693372 0.663537 0.779522 0.530961 
0.911327 -0.353524 -0.2527 -0.852308 
-0.389855 0.934422 0.966287 0.513864 
0.13227 0.0433073 0.0493225 -0.0975463 
-0.983317 0.488307 -0.9814 -0.822631 
0.157754 0.0880818 -0.178651 0.568274 
0.0905589 0.868215 0.0702751 0.0184887 
-0.863924 0.338839 -0.873464 -0.360148 
-0.4564 0.503546 -0.437045 -0.516779 
0.21292 -0.794751 0.214599 0.77668 
-0.00207433 -0.520638 -0.111263 -0.569882 
0.00152383 -0.520979 -0.072491 -0.551559 
-0.999997 0.6764 0.991144 0.609112 
0.696676 0.0306527 -0.00304738 0.691253 
-0.12578 -0.0123945 -0.00543721 -0.142349 
0.706273 -0.999453 0.999981 0.708453 
-0.573803 -0.00776056 0.00960736 -0.561554 
0.48747 -0.0733205 0.081103 0.477062 
0.658121 -0.997278 0.996659 0.676069 
0.548835 -0.592623 -0.532131 -0.596819 
0.675315 0.0737411 -0.682157 0.0187027 
-0.492677 0.802098 0.501496 0.802158 
-0.869291 0.226982 -0.246627 -0.843881 
-0.257861 0.268121 -0.239671 -0.273501 
0.421712 -0.936264 0.939006 0.461586 
0.00590143 0.623228 0.00121584 -0.637814 
0.00247841 -0.310184 -0.000711433 0.302968 
0.99998 -0.717894 0.999999 0.708099 
-0.213547 -0.254551 0.272518 -0.160584 
-0.788343 0.263493 -0.245517 -0.783435 
0.576986 -0.93047 0.930299 0.600369 
0.240194 0.0843242 -0.227554 -0.0712378 
-0.613871 -0.993712 0.638124 0.994522 
-0.751977 -0.0736634 0.735539 0.0764993 
-0.925532 0.415521 -0.898287 -0.350725 
0.0162324 -0.270326 0.0158845 0.316518 
0.378321 -0.868485 0.439122 0.881367 
-0.0218884 -0.173548 0.0351672 0.164718 
-0.112792 -0.773398 0.0764039 0.744743 
-0.993378 -0.609702 0.996457 0.646704 
-0.473041 0.783336 0.777972 0.499308 
-0.30029 -0.335653 -0.355001 0.293026 
-0.828286 0.523184 0.518396 0.81537 
0.0281713 -0.403947 0.429611 -0.00368082 
-0.197952 -0.432569 0.390514 -0.219394 
0.979807 -0.806046 0.814207 0.975629 
-0.451953 0.186486 -0.0744798 -0.529992 
0.662005 0.0992918 0.36922 0.73136 
0.597903 0.977427 0.926353 0.429211 
0.0472126 0.526293 0.117511 -0.428062 
-0.0118946 0.396615 0.125224 -0.384789 
0.998814 -0.752138 0.985145 0.817741 
0.00474478 0.331885 -0.0861037 -0.345045 
0.00456639 -0.689763 0.0835827 0.701792 
-0.999978 -0.64349 0.992774 0.623243 
-0.5099 -0.0430104 0.0821397 -0.493013 
-0.667901 0.301776 -0.302055 -0.647339 
0.542135 -0.952408 0.949745 0.581283 
0.819713 -0.210686 -0.126608 -0.78762 
-0.0322834 0.172643 0.194702 0.0527878 
-0.571864 0.962188 0.972657 0.613896 
-0.862867 -0.296765 -0.342064 -0.863233 
-0.433821 -0.469946 -0.493681 -0.443401 
0.259344 0.831313 0.799545 0.241296 
0.316939 0.430319 0.435186 0.28617 
-0.756012 -0.0137652 -0.113128 -0.782403 
0.572708 0.902572 0.893205 0.55313 
-0.662179 0.819478 -0.739228 -0.789476 
-0.44167 0.558045 -0.467207 -0.54909 
0.605348 0.130539 0.485036 -0.274278 
-0.786728 -0.214719 0.762921 0.605082 
0.53051 0.249909 -0.637019 -0.254787 
-0.315624 -0.944162 0.110267 0.754294 
-0.0311682 0.644616 0.018326 -0.676747 
0.33139 0.429261 -0.329823 -0.384086 
-0.942979 -0.632617 0.943865 0.628086 
0.695945 0.084586 0.765364 0.48816 
0.431464 0.0686944 0.00588513 0.706998 
0.574021 0.994045 0.643571 0.511717 
-0.0934454 -0.287613 -0.0170586 0.384684 
-0.0291088 0.673101 -0.224166 -0.730403 
0.995199 -0.681332 0.974402 0.564385 
0.0345105 -0.668494 0.650498 -0.0220607 
-0.902709 -0.515819 0.535634 0.890944 
-0.428866 -0.535767 0.538469 0.453577 
-0.104561 -0.667668 0.182518 0.659715 
0.401129 -0.152998 -0.392027 0.181026 
-0.910034 -0.728568 0.901666 0.729387 
0.982149 -0.714208 -0.977725 -0.724583 
0.18366 -0.363596 -0.178446 -0.357414 
-0.0406485 -0.598085 0.110502 -0.589267 
0.78878 -0.195589 -0.252022 -0.811344 
0.391414 -0.280225 -0.257002 -0.396539 
-0.473942 0.939797 0.932971 0.429508 
0.715074 -0.711362 -0.701444 -0.766288 
0.476356 -0.642476 -0.619595 -0.501823 
0.511619 0.284935 0.352248 -0.401218 
-0.687129 0.973309 0.678371 0.979716 
0.337258 0.181785 -0.300016 0.151521 
-0.643515 0.140087 0.670674 0.131144 
0.410298 0.490396 0.423328 0.48483 
0.567336 -0.220173 0.593043 -0.149053 
0.713993 0.843229 0.684904 0.861814 
0.664289 -0.054193 0.00041185 -0.644169 
-0.30172 -0.0232766 -0.0136703 0.281286 
-0.683875 0.998259 0.999906 0.711284 
0.448187 -0.853497 0.857245 0.456152 
-0.787445 0.493742 -0.488511 -0.786021 
-0.423154 -0.16662 0.162751 -0.417249 
-0.524502 0.380792 -0.370721 -0.527845 
0.338959 -0.892324 0.897619 0.366203 
0.781028 -0.242394 0.238422 0.766339 
0.722895 0.057907 -0.0823345 -0.70689 
0.64382 0.721833 -0.717815 -0.660659 
-0.250836 -0.68964 0.691348 0.252657 
0.312092 -0.395502 -0.107128 0.600143 
0.0641814 0.474468 -0.3361 -0.445408 
-0.947881 -0.786421 0.935714 0.66441 
-0.604186 -0.0911986 0.14621 -0.536603 
-0.457235 0.259609 -0.221673 -0.456108 
0.652607 -0.961398 0.964097 0.709946 
-0.786625 -0.137342 -0.0257559 0.688074 
-0.044115 -0.0517336 0.0546642 0.0684007 
-0.615853 -0.989172 0.998173 0.72241 
-0.0891246 -0.678399 0.401958 0.833618 
-0.229734 -0.672272 0.908691 0.357132 
0.969164 -0.296352 0.112745 0.421352 
-0.0367617 -0.474137 -0.00862567 0.515431 
0.00225879 -0.491201 0.00239773 0.479184 
0.999322 -0.730696 0.99996 0.710432 
-0.0262096 0.278064 -0.0304241 0.261017 
-0.656219 -0.957459 -0.649312 -0.957488 
0.754115 0.077157 0.759913 0.122829 
0.120707 -0.258923 0.305458 -0.156786 
0.322687 -0.276455 0.267245 -0.342644 
-0.938777 -0.92549 0.913934 0.92629 
0.292239 0.242973 -0.266478 0.198656 
-0.952209 0.734776 0.961328 0.744507 
-0.0888482 0.6333 0.0695492 0.637374 
-0.017308 -0.103776 -0.0176437 0.113589 
0.167652 0.573033 0.170498 -0.564644 
0.985694 -0.812935 0.9852 0.817481 
-0.116214 -0.769747 0.756756 0.151968 
-0.440104 -0.023305 0.0392927 0.449297 
-0.890394 -0.637924 0.652515 0.880362 
0.478216 0.914666 -0.898578 -0.461826 
0.631555 0.40291 -0.437819 -0.624753 
-0.610285 -0.0323811 0.0295285 0.629603 
-0.632335 -0.841574 -0.830152 -0.651923 
0.233319 0.539684 0.55747 0.286676 
0.738725 0.0222393 0.00868755 0.702007 
0.00361999 -0.00966495 -0.0275713 0.00771624 
0.00136335 0.699024 0.169452 -0.576408 
0.999993 -0.715033 0.985153 0.817125 
0.374272 -0.204305 0.112569 -0.366301 
0.815552 0.972085 -0.986388 -0.813549 
0.441356 -0.11537 0.119865 -0.451622 
-0.173221 0.349497 -0.213854 -0.332859 
-0.0340451 -0.726865 0.0702365 0.727261 
0.984294 -0.591202 0.974337 0.600247 
-0.655549 -0.0840547 0.649504 0.13615 
-0.405087 -0.899235 0.373745 0.892125 
-0.637307 -0.429314 0.662162 0.430786 
0.447232 -0.153405 -0.15156 -0.524234 
0.193438 -0.174931 -0.453908 0.21246 
-0.87325 -0.972557 0.878064 0.824645 
0.452598 -0.206839 -0.279522 -0.456295 
-0.560684 -0.192724 -0.075299 0.604431 
-0.693389 0.959205 0.957182 0.653037 
0.884469 0.341629 -0.889781 -0.335317 
-0.399507 -0.93388 0.403775 0.928613 
-0.241058 -0.105626 0.212734 0.158869 
0.104877 0.112006 -0.107267 -0.0905532 
0.136573 0.818701 -0.829855 -0.196118 
-0.985063 -0.56319 0.547572 0.97639 
-0.636468 -0.767372 -0.624763 -0.777289 
-0.137043 0.516126 -0.112851 0.514675 
0.759031 0.380465 0.772616 0.361844 
0.9366 0.42284 -0.87362 -0.326961 
0.203522 0.84269 -0.352076 -0.887629 
-0.285237 -0.333285 0.335903 0.324362 
-0.0862921 -0.0706373 0.0753157 -0.0811939 
0.892218 -0.949254 -0.881583 -0.956726 
-0.443283 -0.306477 0.465982 -0.279434 
-0.241527 0.348007 -0.334961 0.279534 
-0.802515 -0.934855 0.936708 0.796539 
-0.545558 -0.0702574 0.101877 0.536084 
0.72458 0.0824769 -0.124941 -0.784795 
-0.121265 0.139642 0.217267 0.0512441 
-0.678438 0.986761 0.968083 0.617633 
-0.206652 0.0710947 0.192985 -0.100025 
-0.195981 0.518438 0.177717 -0.51968 
-0.958586 -0.852155 0.964973 0.848486 
-0.438808 -0.237262 -0.204752 -0.422484 
0.0688502 -0.654654 -0.675489 0.0311849 
0.895939 0.717729 0.708372 0.905834 
0.343283 -0.138881 0.17406 0.324216 
-0.566475 -0.125059 0.0698159 -0.628414 
0.749174 -0.982381 0.982257 0.707093 
-0.21654 -0.0652276 0.00104285 0.25508 
-0.760935 -0.137503 0.135137 0.749248 
-0.611627 -0.988351 0.990826 0.611196 
0.0515894 0.63173 -0.637501 0.0443188 
-0.00144136 -0.27535 0.265005 0.0512578 
0.998667 -0.724638 0.723439 0.997702 
-0.78863 -0.0787961 -0.809449 -0.167214 
-0.100799 -0.276543 -0.0815457 -0.288391 
0.60655 0.957766 0.581501 0.942799 
-0.793944 -0.497706 0.794856 0.508181 
-0.235456 -0.844328 0.236915 0.840908 
-0.560547 -0.198491 0.558637 0.186083 
-0.49397 0.489605 0.492369 0.470325 
-0.819593 0.736133 0.80742 0.765625 
-0.290276 -0.467328 0.325031 -0.438876 
0.325266 -0.364736 -0.343955 0.3464 
-0.107853 -0.425568 0.101934 0.418733 
-0.939452 -0.828166 0.933437 0.839446 
-0.853457 0.197382 0.151291 0.803142 
-0.510852 0.902952 0.910667 0.570389 
-0.10316 0.38173 0.384443 0.172104 
0.850829 -0.585339 0.932646 0.651717 
0.225319 -0.385799 -0.122321 0.571621 
0.474681 0.713118 0.339425 0.498512 
-0.690733 -0.958496 0.958459 0.723351 
0.511314 -0.137862 0.194669 -0.470392 
-0.511318 -0.249558 0.208472 0.505465 
-0.367353 0.196976 0.392626 -0.175936 
0.915665 0.724815 -0.909633 -0.759952 
-0.163123 -0.660184 0.135696 0.625715 
0.792589 0.848441 0.849048 0.809869 
-0.27259 -0.477637 -0.463207 -0.313897 
-0.545433 0.228058 0.254078 -0.49556 
-0.870994 0.28452 0.890627 0.375017 
0.468504 -0.687274 -0.439048 -0.679849 
-0.147899 0.668358 0.118405 0.630213 
-0.0559279 0.589597 -0.213138 -0.640383 
-0.0636939 -0.528563 0.135935 0.575216 
0.996401 -0.610734 0.967519 0.508956 
-0.894074 -0.771457 -0.758621 -0.889355 
-0.402803 -0.311322 -0.344231 -0.412178 
-0.195909 0.554916 0.553172 -0.19788 
-0.586438 0.140066 0.258575 0.811795 
0.787147 -0.365396 -0.884108 -0.582202 
-0.191026 -0.920254 0.38922 -0.0450469 
-0.479406 0.0540337 0.0345299 0.43164 
0.318766 0.320979 0.351375 -0.297494 
-0.817654 0.945544 0.935598 0.851578 
0.0762049 -0.322606 -0.159042 0.23724 
-0.988657 -0.622704 0.986822 0.735621 
-0.129421 -0.712857 0.0298057 0.634491 
-0.00625338 0.0235456 -0.117009 0.0341228 
-0.791011 -0.0366184 -0.289923 -0.875901 
0.61177 0.999052 0.94987 0.481282 
0.773515 0.934471 0.776668 0.944096 
-0.627694 0.092039 -0.62464 0.0833732 
0.0876083 0.343936 0.0813159 0.318954 
-0.485852 -0.275868 0.335613 -0.417718 
-0.0561433 -0.0323996 0.0632508 -0.0676455 
0.872236 -0.960649 0.939874 0.906055 
-0.729451 -0.000687029 -0.717317 -0.0146323 
-0.45474 0.73263 -0.4974 -0.723081 
0.510992 -0.680626 0.487904 0.690608 
0.934565 0.728145 -0.936292 -0.743348 
0.274356 -0.411703 -0.272807 0.396239 
-0.226532 -0.548002 0.22121 0.538914 
-0.902854 0.923091 -0.955293 -0.874943 
0.363248 0.236045 -0.153664 0.407367 
-0.230014 -0.303622 0.252592 -0.261777 
-0.505603 -0.0509675 0.0286897 0.509867 
-0.51183 0.0151651 -0.0155398 0.499182 
-0.694547 -0.998585 0.999468 0.700609 
0.383779 0.145149 -0.131654 0.378828 
-0.817815 0.421995 -0.432945 -0.803851 
0.428827 -0.894903 0.891754 0.458598 
