-0.0239077 0.641691 -0.0117441 0.628076 
0.0337921 0.766155 0.0148739 0.778141 
-0.999143 -0.0352077 0.99982 -0.00419853 
0.452194 -0.0592222 -0.142811 -0.43229 
-0.875608 -0.24256 -0.230861 0.889311 
-0.169797 0.968327 0.962449 0.149173 
-0.283733 -0.183176 -0.198186 0.231181 
0.95675 -0.0548776 0.0900649 -0.963381 
-0.0642216 0.981547 0.976018 0.135841 
0.142183 -0.0687923 -0.284063 -0.132484 
0.0411108 -0.995826 0.0277328 -0.991129 
-0.988986 -0.0599784 0.958405 -0.0105875 
-0.946454 0.167887 0.104679 -0.935614 
0.318844 0.318053 0.292414 0.352981 
0.0506234 0.93309 0.950545 -0.00555198 
-0.44006 0.898162 0.411117 0.904857 
0.862111 0.438403 -0.866763 0.425572 
-0.25122 -0.0332808 0.282319 -0.011094 
0.138875 -0.061334 -0.144056 -0.0960243 
0.985823 0.0182875 -0.98626 0.0952578 
-0.0941645 0.99795 0.0808592 0.99081 
0.454062 0.256197 -0.262954 -0.429541 
-0.873033 -0.0407266 0.0460976 0.888811 
0.177879 -0.965766 0.963706 -0.159718 
-0.550813 0.17452 -0.142332 -0.559479 
0.164725 0.978904 -0.985839 0.154029 
0.818212 -0.106253 0.0886738 0.814407 
0.475795 -0.833556 0.825144 -0.45417 
0.178047 -0.243576 0.311387 -0.130542 
-0.861347 -0.495838 0.471355 0.881299 
-0.00271023 -0.6444 -0.110462 -0.610558 
0.00276011 0.764458 -0.0736932 0.791919 
0.999993 -0.0188067 0.991145 -0.00916552 
0.911395 -0.374632 0.904377 0.42519 
0.292648 0.583257 0.308372 -0.592404 
0.289338 0.720737 0.294974 -0.684303 
-0.200796 -0.285733 -0.212363 0.286663 
0.949494 0.140419 0.943729 -0.187867 
0.241125 -0.947966 0.253528 0.939431 
0.860439 -0.511416 0.876598 -0.448764 
-0.00657974 -0.429594 -0.0271437 -0.406581 
0.509511 0.744247 0.480457 0.795803 
0.976497 0.1147 0.976542 0.0945176 
0.182814 -0.592402 0.212871 -0.559121 
0.114158 0.797436 0.0324399 0.823681 
-0.379685 0.573393 0.603993 0.377172 
0.0888094 -0.753983 -0.749138 -0.0319731 
0.920843 0.320514 0.272 -0.925591 
0.382447 -0.761516 -0.388794 -0.781035 
-0.408062 0.396086 0.424255 0.319071 
-0.828987 -0.513039 0.81783 -0.536822 
0.090966 0.793898 0.0811426 0.760037 
-0.988193 -0.0531797 -0.99266 0.00341825 
0.123291 -0.605721 0.0896768 -0.64987 
0.00272521 -0.279592 -0.093291 -0.195262 
0.00297526 0.959415 -0.00075398 0.980594 
0.999992 0.036757 0.995639 -0.0175534 
0.664618 -0.610271 0.643219 -0.608113 
-0.684698 -0.672656 -0.720022 -0.687085 
0.299117 -0.418453 0.260457 -0.397633 
0.404308 -0.727084 0.387676 -0.686797 
-0.914203 -0.274123 -0.920684 -0.321244 
-0.0277096 -0.629448 0.0452607 -0.652007 
-0.0282842 0.375885 0.0749984 0.302294 
0.157738 0.918329 0.148049 0.939007 
0.987076 -0.124027 0.986132 -0.163964 
-0.840333 0.552902 -0.81719 0.559911 
-0.525941 -0.833179 -0.560198 -0.82739 
0.131246 -0.0105627 0.135569 -0.0438807 
0.593428 -0.808645 0.77967 0.624483 
0.569781 0.320848 -0.37578 0.525653 
-0.5685 -0.493103 0.500904 -0.577676 
0.159016 0.84504 -0.104428 0.822649 
0.219397 0.495495 -0.237159 0.525139 
-0.96259 0.200978 0.965842 0.217892 
-0.130511 0.388098 -0.407207 0.0995098 
0.192149 -0.88738 0.88793 -0.189692 
-0.972649 -0.248869 0.21392 0.976788 
0.940952 0.0769282 0.10568 0.943956 
0.320048 -0.0200153 0.00547801 0.313899 
-0.110359 0.996836 0.994385 -0.10205 
-0.702557 -0.626787 0.722064 0.655316 
0.711081 -0.631188 -0.68687 0.640755 
0.0278812 0.45688 0.0826636 -0.399992 
-0.771418 0.592802 0.630482 0.775263 
0.138399 0.025382 0.0293727 -0.0730228 
0.621095 0.804948 0.775648 -0.627403 
0.299707 0.458288 0.442191 -0.30346 
-0.841136 -0.134978 -0.316621 0.827629 
-0.450185 0.878495 0.839177 0.472167 
0.760654 -0.366894 0.339257 0.768227 
0.6385 0.599357 -0.552666 0.629789 
0.117143 -0.711449 0.761226 0.114863 
0.859079 0.144671 0.886105 -0.215089 
0.469161 -0.743184 0.424671 0.73162 
0.204626 0.65326 0.185667 -0.646892 
0.118009 0.588305 -0.572768 -0.133092 
0.987007 -0.125542 0.173243 -0.984097 
-0.109045 -0.798834 0.801202 0.117644 
0.472046 -0.363934 0.543329 -0.436179 
0.364019 -0.674907 0.387247 -0.627893 
0.802909 0.641914 0.744872 0.644592 
0.326118 0.0444149 -0.109947 0.355508 
-0.94407 0.108914 -0.0629243 -0.934462 
-0.0487813 -0.993058 0.991944 -0.0198733 
0.247067 0.743003 0.687841 0.228921 
-0.227617 -0.601013 -0.656459 -0.20875 
-0.941885 0.294498 0.309737 -0.950799 
-0.640463 -0.197416 0.654521 -0.213621 
-0.327335 0.961197 0.287741 0.957448 
-0.694737 -0.192684 0.699148 -0.194061 
-0.607857 -0.00264487 0.0330683 -0.517857 
-0.792507 -0.0089729 0.0229623 -0.854676 
0.0494229 -0.999956 0.999189 0.0367798 
0.524235 0.57001 0.525814 -0.624696 
-0.417857 0.820833 -0.422405 -0.780866 
0.742006 -0.0363552 0.738304 -0.00185224 
0.134404 -0.448225 0.487281 0.0362522 
0.7731 -0.552027 0.505344 0.803133 
-0.619881 -0.703108 0.712169 -0.594695 
0.962767 -0.266617 0.975897 0.178855 
0.137918 -0.0888785 0.120092 0.0382739 
0.232505 0.959696 0.182215 -0.983131 
-0.46701 0.598755 -0.563561 0.467118 
0.813286 0.597734 -0.633734 -0.773526 
0.347084 -0.533111 0.529886 -0.42832 
-0.929736 0.00298893 0.101945 0.917185 
-0.360817 0.0160329 -0.0344358 0.390239 
0.0734954 0.999867 0.994194 -0.0805318 
0.640715 -0.765638 -0.778835 0.608444 
-0.531395 -0.274207 -0.277406 -0.551996 
0.554169 0.581901 0.56255 0.570172 
-0.371092 0.413906 0.376873 -0.390496 
-0.798291 0.297077 0.293248 -0.809846 
0.474364 0.860481 0.87862 0.437792 
-0.401494 0.909262 0.396238 0.910679 
0.125438 -0.0521173 -0.0526221 -0.104558 
-0.907231 -0.412948 0.916639 -0.399664 
-0.00583765 0.885546 -0.883161 -0.037395 
0.605608 -0.343593 0.343662 0.62686 
-0.795742 -0.312653 0.319254 -0.778234 
0.297527 -0.950397 0.944582 0.322394 
-0.902633 -0.294003 0.279908 -0.889437 
-0.311016 -0.101525 0.171513 -0.323981 
-0.531194 -0.697078 -0.49578 0.678425 
0.30344 -0.69998 0.348259 0.727207 
0.791048 -0.155274 0.795561 0.104446 
-0.742009 0.480587 0.467399 0.736209 
-0.172652 0.642329 0.628399 0.112722 
0.647776 0.597034 0.621815 -0.667301 
-0.000649567 0.305106 0.0343981 0.326536 
0.000317251 0.950743 0.0911324 0.940156 
1 -0.0547601 0.995245 -0.0973739 
-0.916892 -0.27172 -0.931303 0.24009 
-0.268895 -0.235412 -0.237286 0.170661 
0.294963 -0.933139 0.276353 0.955632 
0.93085 0.0112704 0.909636 -0.0496548 
-0.360886 0.174901 -0.415372 -0.121274 
0.0572651 0.984522 0.00525121 -0.991376 
-0.693798 0.436039 -0.51113 0.693928 
-0.389038 -0.898137 0.858492 0.440793 
0.606048 -0.056735 0.0416777 -0.569355 
0.687018 -0.606742 0.593747 -0.638068 
-0.710805 -0.631746 0.616933 0.752126 
0.150876 -0.482454 0.516584 -0.164853 
0.244064 0.520191 0.502341 0.216036 
0.949432 0.129196 0.0207847 0.964988 
-0.197513 0.844222 0.86442 -0.148748 
-0.933563 0.149015 0.16018 0.941331 
0.199109 -0.479583 -0.431727 -0.203813 
0.29802 0.864751 0.887668 -0.268991 
0.659281 0.195183 0.697637 0.166785 
0.26669 0.817872 0.327965 0.790305 
0.703012 -0.541284 0.636979 -0.589577 
0.475392 0.867065 -0.493908 0.859179 
-0.0553959 0.14675 0.0667424 0.190729 
-0.878028 0.476091 0.866949 0.474798 
-0.997268 -0.0207498 -0.00401531 0.996469 
-0.073384 0.0253076 0.0605814 0.0839565 
-0.00838677 0.999464 0.998155 -0.00108708 
0.834501 -0.284397 0.281844 0.815771 
0.439039 -0.17496 0.187841 0.469294 
-0.332945 -0.942607 0.940893 -0.338054 
-0.267239 -0.978918 -0.236384 -0.968254 
0.766394 -0.122883 0.832588 -0.158716 
0.584143 -0.163156 0.500919 -0.193114 
0.71872 0.0661579 0.715014 0.054189 
-0.590135 -0.484215 -0.599177 -0.466172 
0.367671 -0.872444 0.360197 -0.883033 
0.658935 -0.714665 -0.740843 -0.601169 
0.584945 0.154167 0.208286 -0.629646 
0.47291 0.682266 0.638568 -0.492079 
0.560268 -0.207214 -0.548098 0.188757 
0.115229 0.977691 -0.108515 -0.982017 
-0.820257 0.0343862 0.829345 -0.00374534 
-0.928053 0.418976 0.902175 0.430621 
0.265312 0.711445 -0.327519 0.722127 
-0.261394 -0.564186 0.280734 -0.541385 
-0.785704 -0.387077 0.36844 0.735817 
-0.602347 0.196724 -0.143136 0.648785 
0.140884 -0.900817 0.918566 -0.194041 
0.01719 0.269848 -0.0271459 0.271401 
0.944728 -0.312738 0.964071 -0.247316 
0.327405 0.910701 0.264256 0.930149 
0.969747 0.013938 0.979063 -0.147055 
-0.196254 -0.0093797 -0.109756 -0.963696 
0.145174 0.999859 0.171434 0.222857 
0.51972 -0.167441 -0.540262 -0.15833 
0.189795 0.98529 -0.162815 0.983249 
-0.832988 0.0341499 0.825596 0.0902965 
-0.831578 -0.18017 -0.195637 0.785414 
-0.166678 0.982871 0.980466 0.169063 
0.529809 0.0387696 0.0203276 -0.595435 
0.382595 -0.203217 -0.132377 0.341597 
-0.91884 0.118342 0.0456187 -0.935644 
0.0967141 0.971956 0.990149 0.088777 
-0.354183 0.454048 0.419984 0.372147 
0.151114 0.8833 0.903205 -0.0824489 
0.922886 0.116711 0.0885095 -0.924505 
-0.238868 0.577003 0.264938 -0.564704 
0.429769 0.793169 -0.425716 -0.795803 
-0.87077 0.194807 0.865201 -0.218648 
-0.429292 0.171408 -0.0967885 -0.476844 
-0.847795 -0.505761 0.460434 -0.799646 
0.31137 -0.845473 0.882402 0.364948 
-0.399229 -0.23982 -0.261457 0.368878 
-0.900997 0.319566 0.316578 0.905746 
0.169768 0.916714 0.911821 -0.208696 
-0.643247 0.786193 0.68685 0.72652 
0.199043 0.219591 -0.170748 0.188239 
-0.739334 -0.57765 0.706458 -0.660859 
0.0465352 0.23571 -0.219601 0.0603566 
0.997283 0.0343923 -0.0658985 0.994887 
0.0571013 -0.971215 0.973362 0.0809729 
0.0194075 -0.178853 -0.139853 -0.00984398 
0.746857 0.660436 0.634914 -0.768215 
-0.664701 0.729271 0.75982 0.640117 
-0.463838 0.531206 -0.482303 -0.421615 
0.488997 0.831727 -0.853879 0.42203 
0.738739 -0.1614 0.19564 0.802578 
0.972325 -0.00454138 0.0383489 -0.977236 
-0.226564 -0.00291299 -0.143226 0.201284 
-0.0570432 0.999985 0.988947 0.0670461 
0.49795 0.68882 0.689588 -0.51116 
-0.0979633 -0.574262 -0.555722 0.0807352 
-0.861655 0.442436 0.464371 0.855686 
0.3453 0.350278 -0.271252 -0.377957 
0.936892 -0.0270669 0.0485335 -0.923876 
0.0547832 -0.936255 0.961284 -0.060006 
0.83252 -0.634131 0.612526 -0.787913 
-0.397802 -0.447403 0.458003 0.419021 
-0.38557 -0.630642 0.64424 0.451237 
-0.80817 0.112293 0.817083 0.145403 
0.0412302 0.985237 -0.0426913 0.980276 
-0.587505 -0.129219 0.574938 -0.133853 
-0.218115 -0.6838 0.713632 0.251134 
-0.815547 -0.248115 0.217739 0.807771 
0.536012 -0.68619 0.665822 -0.533327 
0.866268 0.34657 -0.8672 -0.321196 
0.114562 -0.853526 -0.0974577 0.858859 
-0.486266 0.389078 0.48833 -0.398991 
-0.413509 0.927202 -0.418855 0.907257 
0.872856 0.362124 0.878796 0.415546 
0.259099 0.0957256 0.228645 0.064853 
-0.0250468 -0.991207 -0.129882 -0.986005 
-0.0689428 -0.132147 0.0261801 -0.108787 
-0.997306 0.00670457 0.991184 -0.12633 
0.95558 -0.0422799 -0.0493128 0.963369 
0.290746 0.220997 0.175349 0.268178 
-0.0483178 0.974358 0.983271 0.0004901 
0.0960684 -0.905764 0.160407 -0.885976 
0.794272 -0.176232 0.785086 -0.152658 
0.599919 0.3854 0.598255 0.437884 
-0.204653 -0.728862 -0.72142 -0.200256 
0.182226 -0.683587 -0.69185 0.249821 
0.961723 0.0383239 0.0299469 0.947358 
0.924948 0.390723 0.356862 0.932179 
-0.337392 0.881081 0.878824 -0.312957 
-0.175038 0.266518 0.31673 -0.181935 
-0.9575 -0.264764 -0.954402 0.283032 
-0.0309593 0.453992 -0.040285 -0.437166 
0.286766 -0.850759 0.295794 0.853686 
0.661978 0.737632 -0.631333 -0.76012 
0.246702 -0.0632986 -0.303446 0.0596876 
-0.70776 0.672229 0.71368 -0.647036 
0.705378 0.0715298 0.669294 0.118775 
0.53986 0.586254 0.548941 0.58619 
0.459341 -0.806963 0.50071 -0.80142 
-0.875896 0.423125 -0.903305 -0.361118 
-0.451262 -0.493926 -0.392325 0.476971 
0.17079 0.759606 0.173556 -0.801307 
0.175316 0.803625 -0.843534 0.153528 
-0.262096 -0.502513 0.462513 -0.279453 
0.948984 -0.318854 0.273006 0.947806 
-0.146465 -0.699025 0.678698 0.156709 
0.276789 0.67503 -0.682411 -0.226537 
0.949703 -0.236005 0.271451 -0.961313 
-0.445732 -0.22233 0.454441 -0.234553 
0.54464 -0.825757 -0.520388 -0.852877 
-0.710415 -0.518357 0.722966 -0.466461 
-0.80328 0.349802 -0.339806 -0.795861 
0.53016 0.0275453 -0.0625567 0.550789 
-0.271426 -0.936418 0.938413 -0.25147 
0.12713 -0.514734 0.532298 -0.161477 
-0.979673 -0.238052 0.273855 0.961703 
0.155174 -0.823638 0.801038 -0.221478 
-0.0251765 -0.246648 -0.00171809 -0.309928 
-0.000470658 -0.969093 0.0148566 -0.950663 
-0.999683 -0.00495634 0.999888 0.0135926 
-0.590189 -0.248817 -0.603625 -0.276302 
0.515126 0.520415 0.513097 0.583326 
0.621548 -0.816859 0.61022 -0.763799 
0.495879 -0.840243 0.823157 -0.546048 
0.786274 0.535633 -0.566675 -0.772659 
-0.368616 -0.0841971 0.0359417 0.323773 
0.69429 0.706777 -0.712956 0.700365 
0.377736 -0.453523 0.439905 0.408552 
0.612599 -0.54294 0.546056 0.585298 
0.00580878 -0.516533 0.0179413 0.518399 
0.000930673 -0.852874 -0.139317 0.848043 
-0.999983 -0.0761517 0.990085 0.109936 
0.0714319 -0.989906 -0.127236 -0.991742 
0.124781 0.00409383 -0.12169 -0.000496133 
-0.98961 -0.141666 0.984379 -0.128249 
-0.465243 -0.0589634 0.134862 -0.479592 
-0.197256 -0.981442 0.957803 -0.161061 
0.862924 -0.182471 0.253823 0.862584 
0.98316 0.168315 -0.985021 0.15758 
0.11663 -0.774814 -0.0697182 -0.735349 
-0.140689 0.609371 0.157715 0.659113 
-0.62643 -0.380937 -0.660944 0.353302 
-0.677735 -0.262975 -0.630471 0.217076 
0.385046 -0.886415 0.407014 0.909976 
0.730467 0.196315 0.179188 0.766416 
0.68094 -0.410603 -0.386857 0.631376 
0.0523282 0.89043 0.904563 0.1182 
-0.967154 0.0712791 -0.070154 0.956005 
0.254187 0.628022 -0.661429 -0.258325 
0.0016851 -0.774924 0.746719 -0.139003 
0.641982 -0.787453 0.605569 0.792735 
0.202512 0.269672 0.182567 -0.223639 
0.739492 0.554251 0.774568 -0.56706 
0.264104 -0.709171 -0.263359 -0.70079 
-0.439607 0.522727 0.478728 0.501706 
-0.858484 -0.47311 0.837533 -0.507133 
0.053186 -0.138996 -0.184255 0.088241 
0.859509 -0.464434 -0.508269 0.843901 
0.508346 0.874632 0.841257 0.529193 
0.943838 0.120637 -0.944624 -0.0621884 
-0.289588 0.616516 0.298681 -0.569641 
-0.159085 -0.778046 0.135926 0.819537 
0.334536 0.480893 -0.335982 -0.552702 
-0.876113 -0.19978 0.876828 0.112133 
-0.347147 0.853715 0.343932 -0.8258 
0.427782 0.27077 -0.25102 0.448103 
-0.102324 -0.935047 0.945374 -0.0769625 
0.898072 -0.228847 0.207982 0.890663 
-0.477703 0.839743 0.8507 -0.457733 
0.771919 0.537639 0.523733 0.780043 
-0.419453 0.0760041 0.0448642 -0.42663 
-0.0630064 0.971701 -0.975869 0.0791756 
0.638398 -0.0400871 0.102161 -0.658108 
-0.767123 -0.232786 0.192986 0.748749 
-0.692093 0.0179963 0.0241588 -0.695768 
-0.718563 -0.0184682 0.0331016 -0.717119 
0.0683666 -0.999667 0.99916 0.0405808 
-0.408998 -0.835017 0.817987 0.337752 
0.0700808 -0.480119 0.516093 -0.0733921 
0.90984 -0.268761 0.254058 -0.938369 
0.717802 0.182592 0.0891093 -0.684506 
-0.678878 -0.158932 -0.19411 0.700567 
-0.154549 0.970258 0.976924 0.201636 
-0.0177003 0.365199 0.373558 -0.0036686 
0.457364 -0.856729 -0.836375 -0.433798 
0.889104 0.364206 0.401162 -0.901002 
0.0111423 0.986845 0.00399118 -0.990058 
-0.00603674 0.153225 -0.101741 -0.140277 
-0.99992 -0.0515733 0.994803 -0.0103743 
-0.499508 0.703578 0.693808 -0.497946 
-0.351093 -0.704835 -0.712781 -0.371658 
0.791976 0.0904742 0.102827 0.783531 
0.289422 -0.970648 -0.195604 -0.980313 
-0.0842706 0.0270635 0.0512022 -0.037625 
-0.953485 -0.238975 0.979345 -0.19383 
-0.820237 0.258582 -0.83721 -0.255084 
0.257418 0.9658 0.246581 -0.965611 
0.510831 -0.0191303 0.488137 0.0502781 
0.0695219 -0.39675 -0.10586 0.355313 
-0.910743 -0.351148 0.912343 0.406186 
-0.407079 0.848106 0.395504 -0.841882 
-0.776039 -0.459841 -0.773246 -0.381966 
-0.306927 -0.381856 -0.341029 -0.42245 
0.550963 -0.801706 0.534594 -0.821972 
0.113639 0.975436 -0.14116 -0.987468 
-0.210322 0.0644589 0.243867 -0.10377 
-0.971005 0.210641 0.95948 -0.118903 
0.378459 0.852762 -0.842352 -0.395541 
-0.720413 0.488225 -0.527432 0.744588 
-0.581184 -0.185562 0.110718 0.537714 
-0.928755 -0.12151 -0.0651964 -0.905399 
0.37059 -0.220313 -0.26041 0.421289 
0.00879266 0.967831 0.963294 0.0526105 
-0.00918225 0.700747 0.717081 0.048024 
-0.433607 0.665007 0.591926 0.48476 
0.901055 0.258301 0.367994 -0.873328 
-0.518913 0.1973 -0.185206 -0.479939 
-0.737955 0.23966 -0.287741 -0.807896 
-0.431454 -0.950598 0.93963 -0.341999 
-0.259892 -0.604764 0.294376 0.619392 
-0.28827 -0.679809 0.300233 0.663054 
-0.921605 0.414874 0.907305 -0.420371 
-0.438731 -0.233871 0.323864 -0.448063 
-0.558463 -0.672973 0.645393 -0.539377 
0.704013 -0.701721 0.691794 0.71296 
0.876252 -0.151995 -0.105414 -0.900215 
0.478621 0.406045 0.327091 -0.432609 
-0.0557139 0.901124 0.939095 0.0496301 
-0.186551 -0.3838 0.332707 -0.124931 
-0.959624 -0.135164 0.121066 -0.977325 
0.210524 -0.91347 0.935227 0.17096 
-0.165958 -0.750908 0.121444 0.755356 
-0.0614484 0.646253 0.0407921 -0.652016 
-0.984216 0.135994 0.99176 -0.0656772 
0.0387737 0.677358 -0.074678 0.726273 
0.17842 0.721427 -0.218161 0.656754 
-0.98319 0.143976 0.973051 0.202985 
-0.441334 -0.694778 -0.41978 -0.708148 
0.23137 -0.695942 0.253998 -0.692169 
0.867002 -0.181516 0.871361 -0.139387 
-0.400553 0.375303 0.473521 -0.311819 
-0.897143 -0.0130791 0.873169 0.0434878 
-0.186257 -0.92681 0.115558 0.949146 
-0.886607 0.417428 -0.336448 -0.902264 
-0.211655 0.144232 -0.199235 -0.211682 
-0.411254 -0.897191 0.920385 -0.375646 
0.446378 -0.89421 0.433497 -0.897818 
-0.130903 -0.170584 -0.134958 -0.149688 
0.885218 0.413871 0.890992 0.414145 
-0.286407 0.030742 0.310975 0.0107133 
-0.135438 0.996772 0.066147 0.997268 
-0.948487 -0.0741649 0.948113 -0.0730902 
-0.670663 -0.524718 -0.697204 -0.481627 
0.675843 -0.196855 0.662773 -0.150788 
0.305691 -0.828203 0.273199 -0.863307 
-0.0127024 0.311235 -0.0201277 -0.355612 
0.517857 -0.820042 0.552189 0.775176 
0.855373 0.480276 0.833476 -0.522152 
0.609973 0.70373 -0.62487 -0.684631 
-0.209302 0.587825 0.247549 -0.629592 
-0.764281 0.399032 0.740443 -0.367281 
-0.530534 0.00916646 0.558547 -0.0271874 
-0.821225 -0.386325 0.796023 0.298535 
-0.210057 0.922317 0.233179 -0.954011 
0.102411 0.876986 -0.0251703 -0.891057 
0.0815672 -0.477039 -0.110298 0.453044 
-0.991392 0.057701 0.99358 0.0277197 
-0.867899 -0.30307 -0.248034 -0.867931 
0.40649 0.180938 0.151126 0.404096 
-0.285512 0.935634 0.956891 -0.288795 
0.512078 -0.036531 -0.566158 -0.073197 
0.150713 -0.99502 -0.196162 0.979398 
-0.845613 -0.092739 0.800615 0.188205 
0.56409 0.785298 -0.788589 -0.585845 
0.663884 -0.592599 0.591951 -0.640965 
0.490979 -0.179259 0.166496 -0.495933 
0.343244 -0.824988 -0.834723 -0.394617 
-0.27313 0.230206 0.294036 0.270317 
0.898656 0.516139 0.465597 -0.878183 
0.493956 0.281492 -0.416619 0.295137 
0.867074 -0.153093 -0.90824 -0.0944452 
0.0647297 0.947272 0.0391056 0.950776 
0.675703 -0.450403 -0.446952 0.686613 
-0.543953 -0.865858 -0.873482 -0.473294 
-0.497534 0.217777 0.193038 -0.551865 
-0.992438 0.0675552 0.0868827 -0.992614 
0.094495 -0.0221989 0.073385 0.0911366 
0.0783438 0.997469 0.993512 0.0800724 
0.357918 -0.75597 -0.389332 0.729488 
0.177943 -0.495293 -0.168111 0.544021 
-0.916641 -0.428012 0.905627 0.414595 
-0.932158 0.337092 0.275941 0.949058 
-0.269632 -0.145676 -0.1906 0.209169 
0.24162 0.930133 0.942087 -0.235664 
0.0513028 -0.0130996 0.0444429 -0.0512776 
-0.998645 0.0135919 0.0570453 0.997183 
-0.00870192 -0.999822 0.997382 -0.054749 
0.719325 0.253696 0.729641 0.292807 
-0.416983 0.937294 -0.376377 0.926451 
0.555605 0.238994 0.570933 0.236543 
-0.101341 0.824865 0.0659148 -0.844833 
0.112332 -0.558102 -0.0467079 0.528916 
-0.988489 -0.0901112 0.996731 0.0806552 
0.703503 0.396724 0.315243 -0.693364 
-0.131558 0.916902 0.948806 0.216076 
-0.698409 0.0436046 0.0197314 0.687428 
-0.362056 -0.730301 -0.383445 -0.749873 
0.51306 0.323435 0.525272 0.303074 
0.778257 -0.601706 0.759644 -0.588079 
0.828604 0.0729859 -0.129296 0.861027 
-0.516921 -0.188929 0.248808 -0.451975 
0.21496 -0.979275 0.959884 0.233135 
0.392204 0.464205 0.444738 -0.350101 
-0.314711 0.874544 0.889872 0.277195 
0.864368 0.140309 0.101664 -0.894758 
0.956973 -0.274277 -0.230051 -0.939236 
0.284194 0.286581 0.26476 -0.312329 
0.0586158 0.917956 0.936472 -0.142428 
-0.789481 -0.555173 -0.789421 0.57486 
-0.600728 0.787016 -0.611686 -0.766107 
0.125879 0.269053 0.0515263 -0.28743 
0.484858 -0.887526 0.492024 0.844566 
0.416827 0.0285018 0.405572 -0.00766786 
0.768875 0.459875 0.77034 -0.535396 
-0.571995 -0.283088 0.290372 -0.545756 
0.237888 0.827466 -0.808629 0.299271 
0.785004 -0.484934 0.511667 0.78268 
-0.957496 -0.319673 -0.949632 0.311717 
-0.200575 0.401653 -0.15813 -0.388179 
0.207293 -0.858186 0.270545 0.867266 
-0.111952 0.81264 0.802393 -0.221658 
0.832261 0.478292 0.455179 0.827785 
-0.542963 0.332946 0.385976 -0.515403 
-0.338436 0.608856 0.658253 -0.31062 
0.928911 0.0163382 0.080749 0.934781 
0.150283 0.793112 0.748453 0.172334 
-0.376282 -0.314092 0.397241 -0.290181 
-0.830864 0.516046 0.827163 0.524125 
-0.409971 -0.796895 0.397494 -0.800679 
-0.491548 -0.17521 -0.107331 0.501591 
-0.668456 0.733758 0.762872 0.595238 
0.558165 0.656431 0.637579 -0.627772 
0.752894 -0.248294 0.224658 0.777017 
0.536775 -0.17548 0.296435 0.520353 
-0.380819 -0.952658 0.928254 -0.354229 
0.854125 -0.130767 0.0868681 0.876233 
-0.407251 -0.616527 0.625368 -0.41833 
0.323445 -0.776398 0.77548 0.239198 
-0.597808 -0.162516 -0.601078 -0.170957 
-0.789994 0.326422 -0.787622 0.292328 
0.136142 0.931149 0.135491 0.940913 
-0.350674 0.940471 -0.94293 0.331523 
-0.356784 -0.137161 0.16223 0.375424 
-0.865871 -0.310968 0.290801 0.865534 
-0.362736 0.314097 -0.36604 0.288964 
-0.13863 0.915925 -0.164318 0.915564 
0.921523 0.24985 0.915977 0.279719 
0.745996 0.0560863 0.0966339 -0.773037 
-0.662666 0.0538138 0.0483777 0.632809 
-0.0660561 0.996975 0.994144 0.0443474 
0.418158 0.533085 -0.444057 -0.500504 
-0.223691 0.845783 0.208971 -0.864416 
-0.880401 0.0217315 0.871289 -0.0477616 
-0.861355 0.135827 0.839668 0.12968 
-0.446969 -0.684929 0.469152 -0.662387 
-0.241427 0.715838 0.273594 0.737853 
0.354639 -0.233136 0.298087 -0.283875 
0.809868 0.619022 0.804964 0.587882 
0.467274 -0.749973 0.513007 -0.757502 
-0.755324 -0.655009 -0.644382 0.739878 
-0.641676 0.740821 0.751819 0.659157 
0.133179 0.14882 0.139785 -0.134508 
0.752634 -0.0714482 0.0576319 0.753324 
-0.583274 -0.525401 0.480296 -0.5962 
0.305503 -0.84785 0.875211 0.277575 
-0.245859 0.897216 -0.136814 0.903152 
0.441376 0.438235 0.388691 0.4268 
0.862984 -0.0543464 0.911154 -0.0464574 
-0.000769649 0.820202 -0.0733724 -0.828476 
0.158636 -0.562646 0.0407681 0.553741 
0.987337 0.103431 0.996471 -0.0836574 
-0.472868 -0.763359 0.774766 -0.460791 
0.821575 -0.214653 0.229696 0.843068 
0.31845 -0.609268 0.589048 0.277322 
0.0478356 0.769785 0.0138 -0.734899 
-0.90701 -0.256091 0.904471 0.298285 
-0.418384 0.584679 0.426313 -0.609056 
0.854024 -0.330147 -0.298578 0.843812 
-0.447663 0.143602 0.140848 -0.423144 
0.26503 0.932942 0.943935 0.330047 
-0.77498 0.214159 0.311574 0.79224 
0.630071 0.420994 0.405423 -0.610209 
-0.0491528 0.881419 0.859392 0.000641361 
-0.714709 0.00392088 -0.0578342 -0.693003 
0.692606 0.010352 -0.0392652 0.720838 
-0.0974028 -0.999939 0.997554 -0.0118043 
0.708166 0.722416 -0.71647 0.697617 
-0.186221 0.171176 0.192343 0.197999 
-0.681045 0.669935 0.670577 0.688568 
-0.577632 -0.568182 -0.587455 0.597119 
-0.686669 0.731108 -0.695913 -0.717241 
0.441392 0.377691 0.413039 -0.359184 
0.929752 -0.0518039 -0.943129 -0.0392469 
-0.358329 0.0658032 0.331813 -0.0508304 
0.084622 0.996487 0.0201904 -0.997936 
0.256707 0.815589 -0.82292 0.272756 
-0.698656 -0.112569 0.217891 -0.658649 
0.667818 -0.567576 0.524716 0.701275 
-0.224952 0.873228 -0.18688 0.894325 
-0.13243 -0.457845 -0.0983465 -0.428764 
0.965328 0.166882 0.977448 0.127847 
