0.133468 0.866532 
0.458998 0.541002 
0.144189 0.855811 
0.457738 0.542262 
0.476637 0.523363 
0.490295 0.509705 
0.878979 0.121021 
0.352495 0.647505 
0.149882 0.850118 
0.508108 0.491892 
0.457412 0.542588 
0.481318 0.518682 
0.496796 0.503204 
0.538353 0.461647 
0.462 0.538 
0.436057 0.563943 
0.522038 0.477962 
0.231617 0.768383 
0.435543 0.564457 
0.195525 0.804475 
0.5932 0.4068 
0.227526 0.772474 
0.514754 0.485246 
0.450035 0.549965 
0.635308 0.364692 
0.467961 0.532039 
0.465285 0.534715 
0.557604 0.442396 
0.581636 0.418364 
0.418094 0.581906 
0.589962 0.410038 
0.468956 0.531044 
0.540183 0.459817 
0.506243 0.493757 
0.471549 0.528451 
0.460627 0.539373 
0.464377 0.535623 
0.114393 0.885607 
0.501668 0.498332 
0.50113 0.49887 
0.491502 0.508498 
0.581138 0.418862 
0.564281 0.435719 
0.451266 0.548734 
0.522384 0.477616 
0.552254 0.447746 
0.533978 0.466022 
0.3689 0.6311 
0.457773 0.542227 
0.455178 0.544822 
0.155211 0.844789 
0.610604 0.389396 
0.560304 0.439696 
0.517399 0.482601 
0.548515 0.451485 
0.507323 0.492677 
0.473946 0.526054 
0.585811 0.414189 
0.429124 0.570876 
0.651315 0.348685 
0.494989 0.505011 
0.482574 0.517426 
0.511617 0.488383 
0.850479 0.149521 
0.528811 0.471189 
0.456311 0.543689 
0.422986 0.577014 
0.500026 0.499974 
0.560518 0.439482 
0.288842 0.711158 
0.607017 0.392983 
0.488177 0.511823 
0.441123 0.558877 
0.467862 0.532138 
0.568593 0.431407 
0.470081 0.529919 
0.422966 0.577034 
0.476859 0.523141 
0.487471 0.512529 
0.608132 0.391868 
0.512702 0.487298 
0.145286 0.854714 
0.476594 0.523406 
0.502126 0.497874 
0.165549 0.834451 
0.614549 0.385451 
0.268883 0.731117 
0.498896 0.501104 
0.509991 0.490009 
0.423889 0.576111 
0.516209 0.483791 
0.744375 0.255625 
0.504456 0.495544 
0.474821 0.525179 
0.49513 0.50487 
0.500805 0.499195 
0.43398 0.56602 
0.128079 0.871921 
0.819482 0.180518 
0.128833 0.871167 
0.596747 0.403253 
0.525848 0.474152 
0.230616 0.769384 
0.43604 0.56396 
0.434981 0.565019 
0.528152 0.471848 
0.604737 0.395263 
0.51043 0.48957 
0.197244 0.802756 
0.385736 0.614264 
0.865402 0.134598 
0.540875 0.459125 
0.425274 0.574726 
0.510988 0.489012 
0.474111 0.525889 
0.518904 0.481096 
0.482954 0.517046 
0.476911 0.523089 
0.459538 0.540462 
0.488559 0.511441 
0.46945 0.53055 
0.542593 0.457407 
0.479633 0.520367 
0.544664 0.455336 
0.690635 0.309365 
0.602338 0.397662 
0.448824 0.551176 
0.491368 0.508632 
0.440863 0.559137 
0.521664 0.478336 
0.525424 0.474576 
0.358791 0.641209 
0.752863 0.247137 
0.468036 0.531964 
0.803287 0.196713 
0.360355 0.639645 
0.495658 0.504342 
0.425632 0.574368 
0.539405 0.460595 
0.557486 0.442514 
0.426214 0.573786 
0.49018 0.50982 
0.559094 0.440906 
0.479155 0.520845 
0.486442 0.513558 
0.488824 0.511176 
0.505128 0.494872 
0.316993 0.683007 
0.428009 0.571991 
0.328711 0.671289 
0.140832 0.859168 
0.469842 0.530158 
0.523359 0.476641 
0.510261 0.489739 
0.488418 0.511582 
0.507954 0.492046 
0.49458 0.50542 
0.521774 0.478226 
0.49169 0.50831 
0.625658 0.374342 
0.546199 0.453801 
0.464926 0.535074 
0.51862 0.48138 
0.756646 0.243354 
0.562218 0.437782 
0.476554 0.523446 
0.500892 0.499108 
0.467854 0.532146 
0.343744 0.656256 
0.512353 0.487647 
0.504727 0.495273 
0.609261 0.390739 
0.515716 0.484284 
0.476488 0.523512 
0.535223 0.464777 
0.493909 0.506091 
0.532897 0.467103 
0.540573 0.459427 
0.482053 0.517947 
0.530442 0.469558 
0.512423 0.487577 
0.412966 0.587034 
0.835697 0.164303 
0.436329 0.563671 
0.511434 0.488566 
0.465599 0.534401 
0.567691 0.432309 
0.374355 0.625645 
0.501326 0.498674 
0.852349 0.147651 
0.456394 0.543606 
0.638382 0.361618 
0.652496 0.347504 
0.489472 0.510528 
0.436801 0.563199 
0.514598 0.485402 
0.496512 0.503488 
0.549451 0.450549 
0.482113 0.517887 
0.492678 0.507322 
