0.00689105 0.342585 0.345342 0.00930762 
0.00447626 -0.365838 -0.367969 0.000598434 
0.999966 0.865331 0.863329 0.999957 
0.00689105 0.342585 0.345342 0.00930772 
0.00447626 -0.365838 -0.367969 0.000598543 
0.999966 0.865331 0.863329 0.999957 
0.00689105 0.342585 0.345342 0.00930774 
0.00447626 -0.365838 -0.367969 0.00059835 
0.999966 0.865331 0.863329 0.999957 
0.00689105 0.342585 0.345342 0.00930785 
0.00447626 -0.365838 -0.367969 0.000598526 
0.999966 0.865331 0.863329 0.999957 
0.00689105 0.342585 0.345342 0.00930768 
0.00447626 -0.365838 -0.367969 0.000598612 
0.999966 0.865331 0.863329 0.999957 
0.00689105 0.342585 0.345342 0.00930782 
0.00447626 -0.365838 -0.367969 0.000598626 
0.999966 0.865331 0.863329 0.999957 
0.00689105 0.342585 0.345342 0.00930764 
0.00447626 -0.365838 -0.367969 0.000598556 
0.999966 0.865331 0.863329 0.999957 
0.00689105 0.342585 0.345342 0.00930785 
0.00447626 -0.365838 -0.367969 0.000598502 
0.999966 0.865331 0.863329 0.999957 
0.00689105 0.342585 0.345342 0.00930745 
0.00447626 -0.365838 -0.367969 0.00059849 
0.999966 0.865331 0.863329 0.999957 
0.00689105 0.342585 0.345342 0.00930785 
0.00447626 -0.365838 -0.367969 0.000598534 
0.999966 0.865331 0.863329 0.999957 
0.00689105 0.342585 0.345342 0.00930775 
0.00447626 -0.365838 -0.367969 0.00059854 
0.999966 0.865331 0.863329 0.999957 
0.00689105 0.342585 0.345342 0.00930756 
0.00447626 -0.365838 -0.367969 0.000598561 
0.999966 0.865331 0.863329 0.999957 
0.00689105 0.342585 0.345343 0.00930766 
0.00447626 -0.365838 -0.367969 0.000598434 
0.999966 0.865331 0.863329 0.999957 
0.00689105 0.342585 0.345343 0.00930762 
0.00447626 -0.365838 -0.367969 0.000598459 
0.999966 0.865331 0.863329 0.999957 
0.00689105 0.342585 0.345342 0.00930777 
0.00447626 -0.365838 -0.367969 0.000598547 
0.999966 0.865331 0.863329 0.999957 
0.00689105 0.342585 0.345342 0.00930771 
0.00447626 -0.365838 -0.367969 0.000598456 
0.999966 0.865331 0.863329 0.999957 
0.00689105 0.342585 0.345342 0.00930763 
0.00447626 -0.365838 -0.367969 0.000598488 
0.999966 0.865331 0.863329 0.999957 
0.00689105 0.342585 0.345342 0.00930782 
0.00447626 -0.365838 -0.367969 0.000598581 
0.999966 0.865331 0.863329 0.999957 
0.00689105 0.342585 0.345342 0.00930766 
0.00447626 -0.365838 -0.367969 0.000598693 
0.999966 0.865331 0.863329 0.999957 
0.00689105 0.342585 0.345343 0.00930774 
0.00447626 -0.365838 -0.367969 0.000598355 
0.999966 0.865331 0.863329 0.999957 
0.00689105 0.342585 0.345342 0.0093078 
0.00447626 -0.365838 -0.367969 0.000598578 
0.999966 0.865331 0.863329 0.999957 
0.00689105 0.342585 0.345342 0.00930782 
0.00447626 -0.365838 -0.367969 0.000598556 
0.999966 0.865331 0.863329 0.999957 
0.00689105 0.342585 0.345342 0.00930775 
0.00447626 -0.365838 -0.367969 0.000598612 
0.999966 0.865331 0.863329 0.999957 
0.00689105 0.342585 0.345342 0.00930772 
0.00447626 -0.365838 -0.367969 0.000598549 
0.999966 0.865331 0.863329 0.999957 
0.00689105 0.342585 0.345343 0.00930761 
0.00447626 -0.365838 -0.367969 0.000598384 
0.999966 0.865331 0.863329 0.999957 
0.00689105 0.342585 0.345343 0.00930775 
0.00447626 -0.365838 -0.367969 0.000598465 
0.999966 0.865331 0.863329 0.999957 
0.00689105 0.342585 0.345342 0.00930789 
0.00447626 -0.365838 -0.367969 0.000598501 
0.999966 0.865331 0.863329 0.999957 
0.00689105 0.342585 0.345342 0.00930778 
0.00447626 -0.365838 -0.367969 0.000598466 
0.999966 0.865331 0.863329 0.999957 
0.00689105 0.342585 0.345343 0.00930761 
0.00447626 -0.365838 -0.367969 0.000598462 
0.999966 0.865331 0.863329 0.999957 
0.00689105 0.342585 0.345342 0.00930776 
0.00447626 -0.365838 -0.367969 0.000598544 
0.999966 0.865331 0.863329 0.999957 
0.00689105 0.342585 0.345342 0.00930785 
0.00447626 -0.365838 -0.367969 0.000598668 
0.999966 0.865331 0.863329 0.999957 
0.00689105 0.342585 0.345342 0.00930776 
0.00447626 -0.365838 -0.367969 0.000598573 
0.999966 0.865331 0.863329 0.999957 
0.00689105 0.342585 0.345342 0.00930782 
0.00447626 -0.365838 -0.367969 0.000598558 
0.999966 0.865331 0.863329 0.999957 
0.00689105 0.342585 0.345342 0.00930776 
0.00447626 -0.365838 -0.367969 0.000598462 
0.999966 0.865331 0.863329 0.999957 
0.00689105 0.342585 0.345343 0.00930755 
0.00447626 -0.365838 -0.367969 0.000598481 
0.999966 0.865331 0.863329 0.999957 
0.00689105 0.342585 0.345342 0.00930769 
0.00447626 -0.365838 -0.367969 0.000598525 
0.999966 0.865331 0.863329 0.999957 
0.00689105 0.342585 0.345342 0.00930771 
0.00447626 -0.365838 -0.367969 0.000598548 
0.999966 0.865331 0.863329 0.999957 
0.00689105 0.342585 0.345342 0.00930765 
0.00447626 -0.365838 -0.367969 0.000598543 
0.999966 0.865331 0.863329 0.999957 
0.00689105 0.342585 0.345342 0.00930765 
0.00447626 -0.365838 -0.367969 0.000598545 
0.999966 0.865331 0.863329 0.999957 
0.00689105 0.342585 0.345342 0.00930789 
0.00447626 -0.365838 -0.367969 0.00059859 
0.999966 0.865331 0.863329 0.999957 
0.00689105 0.342585 0.345342 0.00930773 
0.00447626 -0.365838 -0.367969 0.000598541 
0.999966 0.865331 0.863329 0.999957 
0.00689105 0.342585 0.345342 0.00930775 
0.00447626 -0.365838 -0.367969 0.000598482 
0.999966 0.865331 0.863329 0.999957 
0.00689105 0.342585 0.345342 0.00930788 
0.00447626 -0.365838 -0.367969 0.000598548 
0.999966 0.865331 0.863329 0.999957 
0.00689105 0.342585 0.345342 0.0093078 
0.00447626 -0.365838 -0.367969 0.000598608 
0.999966 0.865331 0.863329 0.999957 
0.00689105 0.342585 0.345342 0.00930767 
0.00447626 -0.365838 -0.367969 0.000598637 
0.999966 0.865331 0.863329 0.999957 
0.00689105 0.342585 0.345342 0.00930787 
0.00447626 -0.365838 -0.367969 0.000598582 
0.999966 0.865331 0.863329 0.999957 
0.00689105 0.342585 0.345342 0.00930772 
0.00447626 -0.365838 -0.367969 0.000598678 
0.999966 0.865331 0.863329 0.999957 
0.00689105 0.342585 0.345342 0.00930775 
0.00447626 -0.365838 -0.367969 0.000598618 
0.999966 0.865331 0.863329 0.999957 
0.00689105 0.342585 0.345343 0.0093077 
0.00447626 -0.365838 -0.367969 0.000598451 
0.999966 0.865331 0.863329 0.999957 
0.00689105 0.342585 0.345342 0.00930779 
0.00447626 -0.365838 -0.367969 0.000598394 
0.999966 0.865331 0.863329 0.999957 
0.00689105 0.342585 0.345342 0.00930785 
0.00447626 -0.365838 -0.367969 0.000598576 
0.999966 0.865331 0.863329 0.999957 
0.00689105 0.342585 0.345342 0.00930766 
0.00447626 -0.365838 -0.367969 0.000598489 
0.999966 0.865331 0.863329 0.999957 
0.00689105 0.342585 0.345342 0.00930759 
0.00447626 -0.365838 -0.367969 0.000598456 
0.999966 0.865331 0.863329 0.999957 
0.00689105 0.342585 0.345342 0.00930768 
0.00447626 -0.365838 -0.367969 0.000598466 
0.999966 0.865331 0.863329 0.999957 
0.00689105 0.342585 0.345342 0.00930759 
0.00447626 -0.365838 -0.367969 0.000598637 
0.999966 0.865331 0.863329 0.999957 
0.00689105 0.342585 0.345342 0.00930779 
0.00447626 -0.365838 -0.367969 0.000598648 
0.999966 0.865331 0.863329 0.999957 
0.00689105 0.342585 0.345342 0.00930772 
0.00447626 -0.365838 -0.367969 0.000598499 
0.999966 0.865331 0.863329 0.999957 
0.00689105 0.342585 0.345342 0.00930776 
0.00447626 -0.365838 -0.367969 0.000598536 
0.999966 0.865331 0.863329 0.999957 
0.00689105 0.342585 0.345342 0.00930777 
0.00447626 -0.365838 -0.367969 0.000598639 
0.999966 0.865331 0.863329 0.999957 
0.00689105 0.342585 0.345342 0.00930778 
0.00447626 -0.365838 -0.367969 0.000598609 
0.999966 0.865331 0.863329 0.999957 
0.00689105 0.342585 0.345342 0.00930785 
0.00447626 -0.365838 -0.367969 0.00059858 
0.999966 0.865331 0.863329 0.999957 
0.00689105 0.342585 0.345342 0.00930785 
0.00447626 -0.365838 -0.367969 0.000598535 
0.999966 0.865331 0.863329 0.999957 
0.00689105 0.342585 0.345342 0.00930774 
0.00447626 -0.365838 -0.367969 0.000598493 
0.999966 0.865331 0.863329 0.999957 
0.00689105 0.342585 0.345342 0.00930787 
0.00447626 -0.365838 -0.367969 0.000598687 
0.999966 0.865331 0.863329 0.999957 
0.00689105 0.342585 0.345342 0.00930785 
0.00447626 -0.365838 -0.367969 0.000598598 
0.999966 0.865331 0.863329 0.999957 
0.00689105 0.342585 0.345342 0.0093076 
0.00447626 -0.365838 -0.367969 0.000598559 
0.999966 0.865331 0.863329 0.999957 
0.00689105 0.342585 0.345342 0.00930785 
0.00447626 -0.365838 -0.367969 0.000598561 
0.999966 0.865331 0.863329 0.999957 
0.00689105 0.342585 0.345342 0.00930781 
0.00447626 -0.365838 -0.367969 0.000598365 
0.999966 0.865331 0.863329 0.999957 
0.00689105 0.342585 0.345342 0.00930782 
0.00447626 -0.365838 -0.367969 0.000598535 
0.999966 0.865331 0.863329 0.999957 
0.00689105 0.342585 0.345342 0.00930779 
0.00447626 -0.365838 -0.367969 0.000598647 
0.999966 0.865331 0.863329 0.999957 
0.00689105 0.342585 0.345342 0.00930754 
0.00447626 -0.365838 -0.367969 0.00059837 
0.999966 0.865331 0.863329 0.999957 
0.00689105 0.342585 0.345342 0.00930765 
0.00447626 -0.365838 -0.367969 0.000598608 
0.999966 0.865331 0.863329 0.999957 
0.00689105 0.342585 0.345342 0.00930773 
0.00447626 -0.365838 -0.367969 0.000598618 
0.999966 0.865331 0.863329 0.999957 
0.00689105 0.342585 0.345342 0.00930768 
0.00447626 -0.365838 -0.367969 0.000598564 
0.999966 0.865331 0.863329 0.999957 
0.00689105 0.342585 0.345342 0.00930782 
0.00447626 -0.365838 -0.367969 0.000598552 
0.999966 0.865331 0.863329 0.999957 
0.00689105 0.342585 0.345343 0.00930771 
0.00447626 -0.365838 -0.367969 0.00059844 
0.999966 0.865331 0.863329 0.999957 
0.00689105 0.342585 0.345342 0.0093077 
0.00447626 -0.365838 -0.367969 0.000598526 
0.999966 0.865331 0.863329 0.999957 
0.00689105 0.342585 0.345342 0.00930768 
0.00447626 -0.365838 -0.367969 0.000598767 
0.999966 0.865331 0.863329 0.999957 
0.00689105 0.342585 0.345343 0.00930768 
0.00447626 -0.365838 -0.367969 0.000598512 
0.999966 0.865331 0.863329 0.999957 
0.00689105 0.342585 0.345342 0.00930786 
0.00447626 -0.365838 -0.367969 0.000598593 
0.999966 0.865331 0.863329 0.999957 
0.00689105 0.342585 0.345342 0.00930766 
0.00447626 -0.365838 -0.367969 0.000598733 
0.999966 0.865331 0.863329 0.999957 
0.00689105 0.342585 0.345342 0.00930784 
0.00447626 -0.365838 -0.367969 0.000598609 
0.999966 0.865331 0.863329 0.999957 
0.00689105 0.342585 0.345342 0.00930764 
0.00447626 -0.365838 -0.367969 0.000598637 
0.999966 0.865331 0.863329 0.999957 
0.00689105 0.342585 0.345342 0.00930762 
0.00447626 -0.365838 -0.367969 0.000598523 
0.999966 0.865331 0.863329 0.999957 
0.00689105 0.342585 0.345342 0.00930775 
0.00447626 -0.365838 -0.367969 0.000598518 
0.999966 0.865331 0.863329 0.999957 
0.00689105 0.342585 0.345342 0.00930776 
0.00447626 -0.365838 -0.367969 0.000598552 
0.999966 0.865331 0.863329 0.999957 
0.00689105 0.342585 0.345342 0.00930767 
0.00447626 -0.365838 -0.367969 0.000598381 
0.999966 0.865331 0.863329 0.999957 
0.00689105 0.342585 0.345342 0.00930777 
0.00447626 -0.365838 -0.367969 0.000598475 
0.999966 0.865331 0.863329 0.999957 
0.00689105 0.342585 0.345342 0.00930788 
0.00447626 -0.365838 -0.367969 0.000598495 
0.999966 0.865331 0.863329 0.999957 
0.00689105 0.342585 0.345342 0.00930771 
0.00447626 -0.365838 -0.367969 0.00059853 
0.999966 0.865331 0.863329 0.999957 
0.00689105 0.342585 0.345342 0.00930775 
0.00447626 -0.365838 -0.367969 0.00059839 
0.999966 0.865331 0.863329 0.999957 
0.00689105 0.342585 0.345342 0.00930763 
0.00447626 -0.365838 -0.367969 0.000598508 
0.999966 0.865331 0.863329 0.999957 
0.00689105 0.342585 0.345343 0.00930776 
0.00447626 -0.365838 -0.367969 0.000598386 
0.999966 0.865331 0.863329 0.999957 
0.00689105 0.342585 0.345342 0.00930775 
0.00447626 -0.365838 -0.367969 0.0005985 
0.999966 0.865331 0.863329 0.999957 
0.00689105 0.342585 0.345343 0.00930773 
0.00447626 -0.365838 -0.367969 0.00059844 
0.999966 0.865331 0.863329 0.999957 
0.00689105 0.342585 0.345342 0.00930779 
0.00447626 -0.365838 -0.367969 0.000598485 
0.999966 0.865331 0.863329 0.999957 
0.00689105 0.342585 0.345342 0.0093077 
0.00447626 -0.365838 -0.367969 0.000598637 
0.999966 0.865331 0.863329 0.999957 
0.00689105 0.342585 0.345342 0.00930766 
0.00447626 -0.365838 -0.367969 0.000598476 
0.999966 0.865331 0.863329 0.999957 
0.00689105 0.342585 0.345342 0.00930781 
0.00447626 -0.365838 -0.367969 0.00059851 
0.999966 0.865331 0.863329 0.999957 
0.00689105 0.342585 0.345342 0.0093076 
0.00447626 -0.365838 -0.367969 0.000598571 
0.999966 0.865331 0.863329 0.999957 
0.00689105 0.342585 0.345342 0.00930768 
0.00447626 -0.365838 -0.367969 0.000598628 
0.999966 0.865331 0.863329 0.999957 
0.00689105 0.342585 0.345342 0.00930787 
0.00447626 -0.365838 -0.367969 0.000598656 
0.999966 0.865331 0.863329 0.999957 
0.00689105 0.342585 0.345342 0.00930781 
0.00447626 -0.365838 -0.367969 0.000598474 
0.999966 0.865331 0.863329 0.999957 
0.00689105 0.342585 0.345342 0.00930759 
0.00447626 -0.365838 -0.367969 0.000598633 
0.999966 0.865331 0.863329 0.999957 
0.00689105 0.342585 0.345342 0.00930766 
0.00447626 -0.365838 -0.367969 0.000598423 
0.999966 0.865331 0.863329 0.999957 
0.00689105 0.342585 0.345343 0.00930775 
0.00447626 -0.365838 -0.367969 0.000598524 
0.999966 0.865331 0.863329 0.999957 
0.00689105 0.342585 0.345342 0.00930763 
0.00447626 -0.365838 -0.367969 0.000598414 
0.999966 0.865331 0.863329 0.999957 
0.00689105 0.342585 0.345342 0.00930773 
0.00447626 -0.365838 -0.367969 0.000598515 
0.999966 0.865331 0.863329 0.999957 
0.00689105 0.342585 0.345342 0.00930772 
0.00447626 -0.365838 -0.367969 0.000598519 
0.999966 0.865331 0.863329 0.999957 
0.00689105 0.342585 0.345342 0.00930772 
0.00447626 -0.365838 -0.367969 0.000598551 
0.999966 0.865331 0.863329 0.999957 
0.00689105 0.342585 0.345342 0.00930756 
0.00447626 -0.365838 -0.367969 0.000598562 
0.999966 0.865331 0.863329 0.999957 
0.00689105 0.342585 0.345342 0.00930791 
0.00447626 -0.365838 -0.367969 0.00059851 
0.999966 0.865331 0.863329 0.999957 
0.00689105 0.342585 0.345343 0.00930778 
0.00447626 -0.365838 -0.367969 0.000598357 
0.999966 0.865331 0.863329 0.999957 
0.00689105 0.342585 0.345342 0.00930777 
0.00447626 -0.365838 -0.367969 0.000598529 
0.999966 0.865331 0.863329 0.999957 
0.00689105 0.342585 0.345342 0.00930764 
0.00447626 -0.365838 -0.367969 0.000598497 
0.999966 0.865331 0.863329 0.999957 
0.00689105 0.342585 0.345342 0.00930775 
0.00447626 -0.365838 -0.367969 0.0005986 
0.999966 0.865331 0.863329 0.999957 
0.00689105 0.342585 0.345342 0.00930777 
0.00447626 -0.365838 -0.367969 0.000598534 
0.999966 0.865331 0.863329 0.999957 
0.00689105 0.342585 0.345342 0.00930753 
0.00447626 -0.365838 -0.367969 0.000598644 
0.999966 0.865331 0.863329 0.999957 
0.00689105 0.342585 0.345342 0.00930785 
0.00447626 -0.365838 -0.367969 0.000598578 
0.999966 0.865331 0.863329 0.999957 
0.00689105 0.342585 0.345342 0.00930767 
0.00447626 -0.365838 -0.367969 0.000598695 
0.999966 0.865331 0.863329 0.999957 
0.00689105 0.342585 0.345342 0.00930789 
0.00447626 -0.365838 -0.367969 0.000598565 
0.999966 0.865331 0.863329 0.999957 
0.00689105 0.342585 0.345342 0.00930771 
0.00447626 -0.365838 -0.367969 0.000598643 
0.999966 0.865331 0.863329 0.999957 
0.00689105 0.342585 0.345342 0.00930756 
0.00447626 -0.365838 -0.367969 0.000598532 
0.999966 0.865331 0.863329 0.999957 
0.00689105 0.342585 0.345343 0.0093077 
0.00447626 -0.365838 -0.367969 0.000598465 
0.999966 0.865331 0.863329 0.999957 
0.00689105 0.342585 0.345342 0.00930771 
0.00447626 -0.365838 -0.367969 0.000598453 
0.999966 0.865331 0.863329 0.999957 
0.00689105 0.342585 0.345342 0.0093078 
0.00447626 -0.365838 -0.367969 0.000598625 
0.999966 0.865331 0.863329 0.999957 
0.00689105 0.342585 0.345342 0.0093078 
0.00447626 -0.365838 -0.367969 0.000598627 
0.999966 0.865331 0.863329 0.999957 
0.00689105 0.342585 0.345342 0.00930783 
0.00447626 -0.365838 -0.367969 0.000598619 
0.999966 0.865331 0.863329 0.999957 
0.00689105 0.342585 0.345342 0.00930779 
0.00447626 -0.365838 -0.367969 0.000598541 
0.999966 0.865331 0.863329 0.999957 
0.00689105 0.342585 0.345342 0.00930776 
0.00447626 -0.365838 -0.367969 0.000598526 
0.999966 0.865331 0.863329 0.999957 
0.00689105 0.342585 0.345342 0.00930772 
0.00447626 -0.365838 -0.367969 0.000598548 
0.999966 0.865331 0.863329 0.999957 
0.00689105 0.342585 0.345343 0.00930771 
0.00447626 -0.365838 -0.367969 0.000598239 
0.999966 0.865331 0.863329 0.999957 
0.00689105 0.342585 0.345342 0.00930768 
0.00447626 -0.365838 -0.367969 0.000598476 
0.999966 0.865331 0.863329 0.999957 
0.00689105 0.342585 0.345342 0.00930769 
0.00447626 -0.365838 -0.367969 0.000598615 
0.999966 0.865331 0.863329 0.999957 
0.00689105 0.342585 0.345342 0.00930791 
0.00447626 -0.365838 -0.367969 0.000598596 
0.999966 0.865331 0.863329 0.999957 
0.00689105 0.342585 0.345342 0.00930771 
0.00447626 -0.365838 -0.367969 0.000598511 
0.999966 0.865331 0.863329 0.999957 
0.00689105 0.342585 0.345342 0.0093078 
0.00447626 -0.365838 -0.367969 0.000598529 
0.999966 0.865331 0.863329 0.999957 
0.00689105 0.342585 0.345343 0.00930775 
0.00447626 -0.365838 -0.367969 0.0005985 
0.999966 0.865331 0.863329 0.999957 
0.00689105 0.342585 0.345342 0.00930793 
0.00447626 -0.365838 -0.367969 0.000598547 
0.999966 0.865331 0.863329 0.999957 
0.00689105 0.342585 0.345342 0.00930784 
0.00447626 -0.365838 -0.367969 0.000598419 
0.999966 0.865331 0.863329 0.999957 
0.00689105 0.342585 0.345342 0.00930792 
0.00447626 -0.365838 -0.367969 0.000598471 
0.999966 0.865331 0.863329 0.999957 
0.00689105 0.342585 0.345342 0.00930794 
0.00447626 -0.365838 -0.367969 0.000598419 
0.999966 0.865331 0.863329 0.999957 
0.00689105 0.342585 0.345342 0.0093078 
0.00447626 -0.365838 -0.367969 0.000598519 
0.999966 0.865331 0.863329 0.999957 
0.00689105 0.342585 0.345342 0.00930772 
0.00447626 -0.365838 -0.367969 0.000598644 
0.999966 0.865331 0.863329 0.999957 
0.00689105 0.342585 0.345343 0.00930782 
0.00447626 -0.365838 -0.367969 0.000598446 
0.999966 0.865331 0.863329 0.999957 
0.00689105 0.342585 0.345342 0.00930796 
0.00447626 -0.365838 -0.367969 0.000598493 
0.999966 0.865331 0.863329 0.999957 
0.00689105 0.342585 0.345342 0.00930776 
0.00447626 -0.365838 -0.367969 0.000598558 
0.999966 0.865331 0.863329 0.999957 
0.00689105 0.342585 0.345342 0.00930783 
0.00447626 -0.365838 -0.367969 0.00059859 
0.999966 0.865331 0.863329 0.999957 
0.00689105 0.342585 0.345342 0.0093077 
0.00447626 -0.365838 -0.367969 0.000598514 
0.999966 0.865331 0.863329 0.999957 
0.00689105 0.342585 0.345342 0.00930766 
0.00447626 -0.365838 -0.367969 0.000598509 
0.999966 0.865331 0.863329 0.999957 
0.00689105 0.342585 0.345342 0.00930777 
0.00447626 -0.365838 -0.367969 0.000598616 
0.999966 0.865331 0.863329 0.999957 
0.00689105 0.342585 0.345343 0.0093077 
0.00447626 -0.365838 -0.367969 0.000598522 
0.999966 0.865331 0.863329 0.999957 
0.00689105 0.342585 0.345342 0.0093078 
0.00447626 -0.365838 -0.367969 0.000598696 
0.999966 0.865331 0.863329 0.999957 
0.00689105 0.342585 0.345343 0.00930769 
0.00447626 -0.365838 -0.367969 0.000598543 
0.999966 0.865331 0.863329 0.999957 
0.00689105 0.342585 0.345342 0.00930784 
0.00447626 -0.365838 -0.367969 0.000598502 
0.999966 0.865331 0.863329 0.999957 
0.00689105 0.342585 0.345342 0.00930788 
0.00447626 -0.365838 -0.367969 0.000598654 
0.999966 0.865331 0.863329 0.999957 
0.00689105 0.342585 0.345342 0.00930772 
0.00447626 -0.365838 -0.367969 0.000598536 
0.999966 0.865331 0.863329 0.999957 
0.00689105 0.342585 0.345342 0.00930768 
0.00447626 -0.365838 -0.367969 0.000598516 
0.999966 0.865331 0.863329 0.999957 
0.00689105 0.342585 0.345342 0.00930778 
0.00447626 -0.365838 -0.367969 0.000598632 
0.999966 0.865331 0.863329 0.999957 
0.00689105 0.342585 0.345342 0.00930786 
0.00447626 -0.365838 -0.367969 0.00059842 
0.999966 0.865331 0.863329 0.999957 
0.00689105 0.342585 0.345342 0.00930776 
0.00447626 -0.365838 -0.367969 0.000598715 
0.999966 0.865331 0.863329 0.999957 
0.00689105 0.342585 0.345342 0.00930765 
0.00447626 -0.365838 -0.367969 0.000598352 
0.999966 0.865331 0.863329 0.999957 
0.00689105 0.342585 0.345342 0.00930767 
0.00447626 -0.365838 -0.367969 0.0005986 
0.999966 0.865331 0.863329 0.999957 
0.00689105 0.342585 0.345342 0.00930781 
0.00447626 -0.365838 -0.367969 0.000598606 
0.999966 0.865331 0.863329 0.999957 
0.00689105 0.342585 0.345342 0.00930774 
0.00447626 -0.365838 -0.367969 0.000598445 
0.999966 0.865331 0.863329 0.999957 
0.00689105 0.342585 0.345343 0.0093079 
0.00447626 -0.365838 -0.367969 0.000598568 
0.999966 0.865331 0.863329 0.999957 
0.00689105 0.342585 0.345342 0.00930764 
0.00447626 -0.365838 -0.367969 0.000598541 
0.999966 0.865331 0.863329 0.999957 
0.00689105 0.342585 0.345342 0.00930785 
0.00447626 -0.365838 -0.367969 0.000598642 
0.999966 0.865331 0.863329 0.999957 
0.00689105 0.342585 0.345342 0.0093077 
0.00447626 -0.365838 -0.367969 0.000598434 
0.999966 0.865331 0.863329 0.999957 
0.00689105 0.342585 0.345343 0.00930784 
0.00447626 -0.365838 -0.367969 0.000598475 
0.999966 0.865331 0.863329 0.999957 
0.00689105 0.342585 0.345342 0.00930783 
0.00447626 -0.365838 -0.367969 0.000598373 
0.999966 0.865331 0.863329 0.999957 
0.00689105 0.342585 0.345342 0.0093078 
0.00447626 -0.365838 -0.367969 0.000598633 
0.999966 0.865331 0.863329 0.999957 
0.00689105 0.342585 0.345342 0.00930792 
0.00447626 -0.365838 -0.367969 0.000598519 
0.999966 0.865331 0.863329 0.999957 
0.00689105 0.342585 0.345342 0.00930776 
0.00447626 -0.365838 -0.367969 0.000598614 
0.999966 0.865331 0.863329 0.999957 
0.00689105 0.342585 0.345343 0.00930771 
0.00447626 -0.365838 -0.367969 0.000598356 
0.999966 0.865331 0.863329 0.999957 
0.00689105 0.342585 0.345343 0.00930792 
0.00447626 -0.365838 -0.367969 0.00059841 
0.999966 0.865331 0.863329 0.999957 
0.00689105 0.342585 0.345343 0.00930768 
0.00447626 -0.365838 -0.367969 0.000598468 
0.999966 0.865331 0.863329 0.999957 
0.00689105 0.342585 0.345343 0.00930772 
0.00447626 -0.365838 -0.367969 0.000598485 
0.999966 0.865331 0.863329 0.999957 
0.00689105 0.342585 0.345342 0.00930777 
0.00447626 -0.365838 -0.367969 0.000598465 
0.999966 0.865331 0.863329 0.999957 
0.00689105 0.342585 0.345343 0.00930769 
0.00447626 -0.365838 -0.367969 0.000598434 
0.999966 0.865331 0.863329 0.999957 
0.00689105 0.342585 0.345342 0.00930786 
0.00447626 -0.365838 -0.367969 0.000598666 
0.999966 0.865331 0.863329 0.999957 
0.00689105 0.342585 0.345342 0.00930773 
0.00447626 -0.365838 -0.367969 0.000598514 
0.999966 0.865331 0.863329 0.999957 
0.00689105 0.342585 0.345342 0.00930764 
0.00447626 -0.365838 -0.367969 0.00059856 
0.999966 0.865331 0.863329 0.999957 
0.00689105 0.342585 0.345342 0.00930793 
0.00447626 -0.365838 -0.367969 0.000598481 
0.999966 0.865331 0.863329 0.999957 
0.00689105 0.342585 0.345342 0.00930774 
0.00447626 -0.365838 -0.367969 0.000598551 
0.999966 0.865331 0.863329 0.999957 
0.00689105 0.342585 0.345342 0.00930776 
0.00447626 -0.365838 -0.367969 0.000598579 
0.999966 0.865331 0.863329 0.999957 
0.00689105 0.342585 0.345343 0.00930765 
0.00447626 -0.365838 -0.367969 0.000598431 
0.999966 0.865331 0.863329 0.999957 
0.00689105 0.342585 0.345342 0.00930766 
0.00447626 -0.365838 -0.367969 0.000598631 
0.999966 0.865331 0.863329 0.999957 
0.00689105 0.342585 0.345342 0.0093076 
0.00447626 -0.365838 -0.367969 0.000598512 
0.999966 0.865331 0.863329 0.999957 
0.00689105 0.342585 0.345342 0.0093076 
0.00447626 -0.365838 -0.367969 0.000598465 
0.999966 0.865331 0.863329 0.999957 
0.00689105 0.342585 0.345342 0.00930771 
0.00447626 -0.365838 -0.367969 0.00059847 
0.999966 0.865331 0.863329 0.999957 
0.00689105 0.342585 0.345342 0.0093078 
0.00447626 -0.365838 -0.367969 0.00059857 
0.999966 0.865331 0.863329 0.999957 
0.00689105 0.342585 0.345342 0.00930773 
0.00447626 -0.365838 -0.367969 0.000598412 
0.999966 0.865331 0.863329 0.999957 
0.00689105 0.342585 0.345342 0.00930772 
0.00447626 -0.365838 -0.367969 0.000598695 
0.999966 0.865331 0.863329 0.999957 
0.00689105 0.342585 0.345342 0.00930778 
0.00447626 -0.365838 -0.367969 0.000598632 
0.999966 0.865331 0.863329 0.999957 
0.00689105 0.342585 0.345342 0.00930768 
0.00447626 -0.365838 -0.367969 0.000598548 
0.999966 0.865331 0.863329 0.999957 
0.00689105 0.342585 0.345342 0.00930792 
0.00447626 -0.365838 -0.367969 0.000598545 
0.999966 0.865331 0.863329 0.999957 
0.00689105 0.342585 0.345342 0.00930759 
0.00447626 -0.365838 -0.367969 0.000598403 
0.999966 0.865331 0.863329 0.999957 
0.00689105 0.342585 0.345342 0.00930786 
0.00447626 -0.365838 -0.367969 0.000598554 
0.999966 0.865331 0.863329 0.999957 
0.00689105 0.342585 0.345342 0.00930783 
0.00447626 -0.365838 -0.367969 0.00059856 
0.999966 0.865331 0.863329 0.999957 
