0.847637 0.486098 0.83359 -0.459842 
-0.510465 -0.871672 -0.534134 0.886169 
0.144697 0.0624266 0.140816 -0.0570047 
0.847637 0.486098 0.833071 -0.459299 
-0.510465 -0.871672 -0.534906 0.886489 
0.144697 0.0624266 0.140954 -0.0564036 
0.847637 0.486098 0.831182 -0.4557 
-0.510465 -0.871672 -0.537919 0.888374 
0.144697 0.0624266 0.140638 -0.0559362 
0.847637 0.486098 0.834167 -0.461488 
-0.510465 -0.871672 -0.532993 0.885331 
0.144697 0.0624266 0.141717 -0.0567337 
0.847637 0.486098 0.832201 -0.457923 
-0.510465 -0.871672 -0.53632 0.887183 
0.144697 0.0624266 0.140719 -0.056673 
0.847637 0.486098 0.840052 -0.472612 
-0.510465 -0.871672 -0.523412 0.879252 
0.144697 0.0624266 0.142663 -0.0596168 
0.847637 0.486098 0.517133 0.867011 
-0.510465 -0.871672 -0.853062 -0.47541 
0.144697 0.0624266 0.0697088 0.149256 
0.847637 0.486098 0.829694 -0.452939 
-0.510465 -0.871672 -0.540223 0.889861 
0.144697 0.0624266 0.140597 -0.0547147 
0.847637 0.486098 0.836403 -0.465948 
-0.510465 -0.871672 -0.529314 0.882941 
0.144697 0.0624266 0.142329 -0.0575051 
0.847637 0.486098 0.833544 -0.459878 
-0.510465 -0.871672 -0.53415 0.886154 
0.144697 0.0624266 0.141029 -0.0569483 
0.847637 0.486098 0.837044 -0.466917 
-0.510465 -0.871672 -0.528423 0.882394 
0.144697 0.0624266 0.141867 -0.0580487 
0.847637 0.486098 0.831784 -0.457319 
-0.510465 -0.871672 -0.536903 0.88754 
0.144697 0.0624266 0.140963 -0.0559703 
0.847637 0.486098 0.527802 0.873882 
-0.510465 -0.871672 -0.846311 -0.462155 
0.144697 0.0624266 0.0719965 0.150806 
0.847637 0.486098 0.833033 -0.459381 
-0.510465 -0.871672 -0.535024 0.886411 
0.144697 0.0624266 0.140728 -0.0569692 
0.847637 0.486098 0.830516 -0.454767 
-0.510465 -0.871672 -0.538919 0.888896 
0.144697 0.0624266 0.140747 -0.0552333 
0.847637 0.486098 0.838226 -0.469159 
-0.510465 -0.871672 -0.526374 0.881169 
0.144697 0.0624266 0.142506 -0.0585661 
0.847637 0.486098 0.837624 -0.468713 
-0.510465 -0.871672 -0.527303 0.881412 
0.144697 0.0624266 0.142609 -0.0584979 
0.847637 0.486098 0.556227 0.89442 
-0.510465 -0.871672 -0.827389 -0.418874 
0.144697 0.0624266 0.0777036 0.156707 
0.847637 0.486098 0.800887 -0.386368 
-0.510465 -0.871672 -0.583791 0.921442 
0.144697 0.0624266 0.133299 -0.040785 
0.847637 0.486098 0.836566 -0.466467 
-0.510465 -0.871672 -0.529123 0.882646 
0.144697 0.0624266 0.142082 -0.057833 
0.847637 0.486098 0.835052 -0.463177 
-0.510465 -0.871672 -0.53157 0.88439 
0.144697 0.0624266 0.14185 -0.0576256 
0.847637 0.486098 0.830578 -0.454572 
-0.510465 -0.871672 -0.538947 0.888931 
0.144697 0.0624266 0.140274 -0.0562627 
0.847637 0.486098 0.840871 -0.473768 
-0.510465 -0.871672 -0.522174 0.87858 
0.144697 0.0624266 0.142375 -0.0603421 
0.847637 0.486098 0.834583 -0.461943 
-0.510465 -0.871672 -0.532436 0.885061 
0.144697 0.0624266 0.141362 -0.0572336 
0.847637 0.486098 0.526919 0.87305 
-0.510465 -0.871672 -0.84691 -0.463635 
0.144697 0.0624266 0.0714097 0.151083 
0.847637 0.486098 0.827077 -0.44719 
-0.510465 -0.871672 -0.544463 0.892812 
0.144697 0.0624266 0.139655 -0.0539207 
0.847637 0.486098 0.837143 -0.466996 
-0.510465 -0.871672 -0.528242 0.88234 
0.144697 0.0624266 0.14196 -0.0582359 
0.847637 0.486098 0.834783 -0.463174 
-0.510465 -0.871672 -0.53196 0.884415 
0.144697 0.0624266 0.141969 -0.0572677 
0.847637 0.486098 0.834541 -0.462121 
-0.510465 -0.871672 -0.532474 0.884955 
0.144697 0.0624266 0.141467 -0.0574298 
0.847637 0.486098 0.829257 -0.451607 
-0.510465 -0.871672 -0.541044 0.890519 
0.144697 0.0624266 0.140016 -0.0550147 
0.847637 0.486098 0.512195 0.863832 
-0.510465 -0.871672 -0.856143 -0.481433 
0.144697 0.0624266 0.0683716 0.148381 
0.847637 0.486098 0.838387 -0.469776 
-0.510465 -0.871672 -0.526053 0.880834 
0.144697 0.0624266 0.142744 -0.058677 
0.847637 0.486098 0.836379 -0.466144 
-0.510465 -0.871672 -0.529462 0.882797 
0.144697 0.0624266 0.141918 -0.0581421 
0.847637 0.486098 0.826306 -0.446611 
-0.510465 -0.871672 -0.545538 0.893148 
0.144697 0.0624266 0.140023 -0.0531559 
0.847637 0.486098 0.529916 0.875137 
-0.510465 -0.871672 -0.844981 -0.459544 
0.144697 0.0624266 0.0720854 0.15151 
0.847637 0.486098 0.511606 0.863178 
-0.510465 -0.871672 -0.856527 -0.48253 
0.144697 0.0624266 0.0679773 0.148621 
0.847637 0.486098 0.831704 -0.456636 
-0.510465 -0.871672 -0.536949 0.887918 
0.144697 0.0624266 0.14126 -0.0555491 
0.847637 0.486098 0.83872 -0.469919 
-0.510465 -0.871672 -0.5255 0.88077 
0.144697 0.0624266 0.142821 -0.0584791 
0.847637 0.486098 0.535709 0.879066 
-0.510465 -0.871672 -0.841205 -0.45168 
0.144697 0.0624266 0.0734106 0.15241 
0.847637 0.486098 0.805287 -0.397666 
-0.510465 -0.871672 -0.577564 0.916488 
0.144697 0.0624266 0.13391 -0.0437237 
0.847637 0.486098 0.832143 -0.457679 
-0.510465 -0.871672 -0.536339 0.887367 
0.144697 0.0624266 0.140993 -0.0557681 
0.847637 0.486098 0.8315 -0.456289 
-0.510465 -0.871672 -0.537361 0.888076 
0.144697 0.0624266 0.140892 -0.0558768 
0.847637 0.486098 0.808306 -0.406206 
-0.510465 -0.871672 -0.57302 0.912688 
0.144697 0.0624266 0.135239 -0.044684 
0.847637 0.486098 0.839115 -0.471214 
-0.510465 -0.871672 -0.524762 0.880063 
0.144697 0.0624266 0.143214 -0.058711 
0.847637 0.486098 0.795034 -0.371154 
-0.510465 -0.871672 -0.592086 0.92778 
0.144697 0.0624266 0.13174 -0.0383177 
0.847637 0.486098 0.832659 -0.459143 
-0.510465 -0.871672 -0.535345 0.886595 
0.144697 0.0624266 0.141722 -0.0560121 
0.847637 0.486098 0.839801 -0.471838 
-0.510465 -0.871672 -0.523793 0.879686 
0.144697 0.0624266 0.142743 -0.0593364 
0.847637 0.486098 0.82461 -0.442678 
-0.510465 -0.871672 -0.54826 0.895129 
0.144697 0.0624266 0.139391 -0.0527264 
0.847637 0.486098 0.825788 -0.445406 
-0.510465 -0.871672 -0.546491 0.893762 
0.144697 0.0624266 0.139364 -0.0529473 
0.847637 0.486098 0.839028 -0.471363 
-0.510465 -0.871672 -0.525051 0.879958 
0.144697 0.0624266 0.142668 -0.0590918 
0.847637 0.486098 0.835834 -0.463851 
-0.510465 -0.871672 -0.530401 0.884031 
0.144697 0.0624266 0.14162 -0.0577192 
0.847637 0.486098 0.822786 -0.438465 
-0.510465 -0.871672 -0.551087 0.897262 
0.144697 0.0624266 0.139021 -0.051655 
0.847637 0.486098 0.524836 0.871731 
-0.510465 -0.871672 -0.84824 -0.466347 
0.144697 0.0624266 0.0709704 0.150348 
0.847637 0.486098 0.838263 -0.469402 
-0.510465 -0.871672 -0.526334 0.88105 
0.144697 0.0624266 0.142434 -0.0584271 
0.847637 0.486098 0.832359 -0.457613 
-0.510465 -0.871672 -0.536141 0.887339 
0.144697 0.0624266 0.14047 -0.0567503 
0.847637 0.486098 0.837907 -0.468601 
-0.510465 -0.871672 -0.526947 0.881447 
0.144697 0.0624266 0.142263 -0.0588588 
0.847637 0.486098 0.525856 0.872331 
-0.510465 -0.871672 -0.847589 -0.46503 
0.144697 0.0624266 0.0711932 0.150949 
0.847637 0.486098 0.839709 -0.471989 
-0.510465 -0.871672 -0.52399 0.879604 
0.144697 0.0624266 0.142563 -0.0593504 
0.847637 0.486098 0.837054 -0.466698 
-0.510465 -0.871672 -0.528346 0.882521 
0.144697 0.0624266 0.142099 -0.057885 
0.847637 0.486098 0.831799 -0.456805 
-0.510465 -0.871672 -0.537012 0.887804 
0.144697 0.0624266 0.140459 -0.0559871 
0.847637 0.486098 0.833013 -0.459381 
-0.510465 -0.871672 -0.534861 0.886452 
0.144697 0.0624266 0.141467 -0.0563214 
0.847637 0.486098 0.838842 -0.470429 
-0.510465 -0.871672 -0.525309 0.880435 
0.144697 0.0624266 0.142808 -0.0594201 
0.847637 0.486098 0.833732 -0.460931 
-0.510465 -0.871672 -0.533856 0.885607 
0.144697 0.0624266 0.141028 -0.0569489 
0.847637 0.486098 0.517814 0.867194 
-0.510465 -0.871672 -0.852654 -0.475097 
0.144697 0.0624266 0.0696428 0.14919 
0.847637 0.486098 0.836104 -0.465117 
-0.510465 -0.871672 -0.529885 0.883337 
0.144697 0.0624266 0.141959 -0.0581626 
0.847637 0.486098 0.541206 0.883269 
-0.510465 -0.871672 -0.837587 -0.442831 
0.144697 0.0624266 0.0744587 0.154067 
0.847637 0.486098 0.837077 -0.466743 
-0.510465 -0.871672 -0.528391 0.882442 
0.144697 0.0624266 0.141794 -0.0587185 
0.847637 0.486098 0.835389 -0.464225 
-0.510465 -0.871672 -0.531109 0.883851 
0.144697 0.0624266 0.141595 -0.0574643 
0.847637 0.486098 0.839189 -0.470824 
-0.510465 -0.871672 -0.524775 0.880268 
0.144697 0.0624266 0.142738 -0.058767 
0.847637 0.486098 0.82684 -0.446803 
-0.510465 -0.871672 -0.54483 0.893033 
0.144697 0.0624266 0.139626 -0.053467 
0.847637 0.486098 0.837694 -0.46838 
-0.510465 -0.871672 -0.527301 0.88161 
0.144697 0.0624266 0.142205 -0.0581768 
0.847637 0.486098 0.526061 0.872469 
-0.510465 -0.871672 -0.847473 -0.464739 
0.144697 0.0624266 0.0710582 0.15105 
0.847637 0.486098 0.833002 -0.459239 
-0.510465 -0.871672 -0.534971 0.886513 
0.144697 0.0624266 0.141116 -0.0565138 
0.847637 0.486098 0.835724 -0.464728 
-0.510465 -0.871672 -0.530544 0.883578 
0.144697 0.0624266 0.141734 -0.05761 
0.847637 0.486098 0.839528 -0.471729 
-0.510465 -0.871672 -0.524322 0.879721 
0.144697 0.0624266 0.142403 -0.0596792 
0.847637 0.486098 0.833764 -0.460726 
-0.510465 -0.871672 -0.533676 0.885723 
0.144697 0.0624266 0.141522 -0.0567953 
0.847637 0.486098 0.837876 -0.468522 
-0.510465 -0.871672 -0.526999 0.881512 
0.144697 0.0624266 0.142254 -0.0585132 
0.847637 0.486098 0.840496 -0.47365 
-0.510465 -0.871672 -0.522653 0.878655 
0.144697 0.0624266 0.142829 -0.0601768 
0.847637 0.486098 0.832642 -0.459078 
-0.510465 -0.871672 -0.535507 0.886626 
0.144697 0.0624266 0.141203 -0.0560526 
0.847637 0.486098 0.51695 0.866735 
-0.510465 -0.871672 -0.853185 -0.476146 
0.144697 0.0624266 0.0695611 0.148512 
0.847637 0.486098 0.837153 -0.467399 
-0.510465 -0.871672 -0.528171 0.882112 
0.144697 0.0624266 0.142165 -0.0584589 
0.847637 0.486098 0.82841 -0.450314 
-0.510465 -0.871672 -0.542283 0.891193 
0.144697 0.0624266 0.140236 -0.0547015 
0.847637 0.486098 0.53529 0.879149 
-0.510465 -0.871672 -0.841458 -0.451352 
0.144697 0.0624266 0.0735758 0.152898 
0.847637 0.486098 0.832085 -0.457695 
-0.510465 -0.871672 -0.536337 0.887343 
0.144697 0.0624266 0.141339 -0.0560126 
0.847637 0.486098 0.834398 -0.461929 
-0.510465 -0.871672 -0.532717 0.885079 
0.144697 0.0624266 0.141397 -0.0570721 
0.847637 0.486098 0.834142 -0.461477 
-0.510465 -0.871672 -0.533106 0.88533 
0.144697 0.0624266 0.141437 -0.0568306 
0.847637 0.486098 0.509024 0.861702 
-0.510465 -0.871672 -0.858115 -0.485243 
0.144697 0.0624266 0.0673288 0.148351 
0.847637 0.486098 0.825763 -0.444904 
-0.510465 -0.871672 -0.546412 0.894014 
0.144697 0.0624266 0.139823 -0.0529035 
0.847637 0.486098 0.833714 -0.460682 
-0.510465 -0.871672 -0.533841 0.88574 
0.144697 0.0624266 0.141189 -0.0568979 
0.847637 0.486098 0.825817 -0.445027 
-0.510465 -0.871672 -0.546323 0.893945 
0.144697 0.0624266 0.139848 -0.0530451 
0.847637 0.486098 0.823566 -0.440767 
-0.510465 -0.871672 -0.549918 0.896131 
0.144697 0.0624266 0.139029 -0.0517047 
0.847637 0.486098 0.832774 -0.458458 
-0.510465 -0.871672 -0.535396 0.886912 
0.144697 0.0624266 0.140849 -0.0565887 
0.847637 0.486098 0.83129 -0.455887 
-0.510465 -0.871672 -0.537775 0.888293 
0.144697 0.0624266 0.140553 -0.0557006 
0.847637 0.486098 0.83875 -0.469716 
-0.510465 -0.871672 -0.525511 0.880854 
0.144697 0.0624266 0.142608 -0.0588492 
0.847637 0.486098 0.83588 -0.464521 
-0.510465 -0.871672 -0.530158 0.883685 
0.144697 0.0624266 0.142262 -0.0576378 
0.847637 0.486098 0.835537 -0.46407 
-0.510465 -0.871672 -0.530837 0.883932 
0.144697 0.0624266 0.14174 -0.0574712 
0.847637 0.486098 0.838555 -0.469889 
-0.510465 -0.871672 -0.525864 0.880753 
0.144697 0.0624266 0.142452 -0.0589764 
0.847637 0.486098 0.836441 -0.465906 
-0.510465 -0.871672 -0.529137 0.882975 
0.144697 0.0624266 0.142762 -0.0573331 
0.847637 0.486098 0.515675 0.866271 
-0.510465 -0.871672 -0.853992 -0.47689 
0.144697 0.0624266 0.0691096 0.148827 
0.847637 0.486098 0.790871 -0.358921 
-0.510465 -0.871672 -0.597878 0.932718 
0.144697 0.0624266 0.130629 -0.0348378 
0.847637 0.486098 0.83687 -0.466433 
-0.510465 -0.871672 -0.528712 0.88263 
0.144697 0.0624266 0.141818 -0.0583477 
0.847637 0.486098 0.835313 -0.463303 
-0.510465 -0.871672 -0.531301 0.884319 
0.144697 0.0624266 0.141322 -0.0577031 
0.847637 0.486098 0.839135 -0.470943 
-0.510465 -0.871672 -0.524873 0.880189 
0.144697 0.0624266 0.142687 -0.0589981 
0.847637 0.486098 0.512961 0.863888 
-0.510465 -0.871672 -0.85574 -0.481127 
0.144697 0.0624266 0.0676792 0.149042 
0.847637 0.486098 0.840308 -0.472783 
-0.510465 -0.871672 -0.522961 0.879165 
0.144697 0.0624266 0.142809 -0.0595417 
0.847637 0.486098 0.814613 -0.420846 
-0.510465 -0.871672 -0.563612 0.905855 
0.144697 0.0624266 0.136917 -0.0481284 
0.847637 0.486098 0.512138 0.863413 
-0.510465 -0.871672 -0.856208 -0.482109 
0.144697 0.0624266 0.0679897 0.148625 
0.847637 0.486098 0.831045 -0.455059 
-0.510465 -0.871672 -0.53811 0.888718 
0.144697 0.0624266 0.140718 -0.05569 
0.847637 0.486098 0.830404 -0.454449 
-0.510465 -0.871672 -0.539119 0.889054 
0.144697 0.0624266 0.140641 -0.0553046 
0.847637 0.486098 0.822393 -0.437924 
-0.510465 -0.871672 -0.551812 0.897498 
0.144697 0.0624266 0.138464 -0.0521592 
0.847637 0.486098 0.836138 -0.465015 
-0.510465 -0.871672 -0.529747 0.883445 
0.144697 0.0624266 0.142275 -0.0573326 
0.847637 0.486098 0.520334 0.868749 
-0.510465 -0.871672 -0.851098 -0.47193 
0.144697 0.0624266 0.0698917 0.150189 
0.847637 0.486098 0.838246 -0.468715 
-0.510465 -0.871672 -0.526503 0.881387 
0.144697 0.0624266 0.14191 -0.0588416 
0.847637 0.486098 0.836401 -0.46588 
-0.510465 -0.871672 -0.529465 0.882939 
0.144697 0.0624266 0.141776 -0.0580859 
0.847637 0.486098 0.513129 0.863854 
-0.510465 -0.871672 -0.85557 -0.481318 
0.144697 0.0624266 0.0685423 0.148627 
0.847637 0.486098 0.828444 -0.450516 
-0.510465 -0.871672 -0.542199 0.891117 
0.144697 0.0624266 0.140361 -0.0542646 
0.847637 0.486098 0.8338 -0.460517 
-0.510465 -0.871672 -0.533773 0.885821 
0.144697 0.0624266 0.140938 -0.0569624 
0.847637 0.486098 0.525106 0.871853 
-0.510465 -0.871672 -0.848075 -0.465906 
0.144697 0.0624266 0.070943 0.15101 
0.847637 0.486098 0.838448 -0.469495 
-0.510465 -0.871672 -0.525899 0.881002 
0.144697 0.0624266 0.142952 -0.0583939 
0.847637 0.486098 0.550078 0.889717 
-0.510465 -0.871672 -0.831626 -0.429027 
0.144697 0.0624266 0.076235 0.15601 
0.847637 0.486098 0.519219 0.867899 
-0.510465 -0.871672 -0.851765 -0.473761 
0.144697 0.0624266 0.0700608 0.149339 
0.847637 0.486098 0.828693 -0.451379 
-0.510465 -0.871672 -0.541867 0.890671 
0.144697 0.0624266 0.140172 -0.0544297 
0.847637 0.486098 0.526592 0.872826 
-0.510465 -0.871672 -0.847133 -0.463933 
0.144697 0.0624266 0.0711801 0.15146 
0.847637 0.486098 0.837681 -0.468447 
-0.510465 -0.871672 -0.527162 0.881537 
0.144697 0.0624266 0.142799 -0.0587405 
0.847637 0.486098 0.526215 0.872996 
-0.510465 -0.871672 -0.847306 -0.463765 
0.144697 0.0624266 0.0719077 0.150995 
0.847637 0.486098 0.835742 -0.464156 
-0.510465 -0.871672 -0.5305 0.883855 
0.144697 0.0624266 0.141793 -0.0579608 
0.847637 0.486098 0.534267 0.878207 
-0.510465 -0.871672 -0.842137 -0.453316 
0.144697 0.0624266 0.0732385 0.152501 
0.847637 0.486098 0.831852 -0.457554 
-0.510465 -0.871672 -0.536817 0.88742 
0.144697 0.0624266 0.140887 -0.0559574 
0.847637 0.486098 0.520532 0.868807 
-0.510465 -0.871672 -0.850947 -0.471883 
0.144697 0.0624266 0.0702577 0.150003 
0.847637 0.486098 0.839849 -0.472633 
-0.510465 -0.871672 -0.523604 0.879246 
0.144697 0.0624266 0.143155 -0.0595298 
0.847637 0.486098 0.837125 -0.467205 
-0.510465 -0.871672 -0.528236 0.882209 
0.144697 0.0624266 0.142084 -0.0585318 
0.847637 0.486098 0.817195 -0.42687 
-0.510465 -0.871672 -0.559779 0.902935 
0.144697 0.0624266 0.137255 -0.0499022 
0.847637 0.486098 0.839169 -0.470985 
-0.510465 -0.871672 -0.524868 0.880157 
0.144697 0.0624266 0.142511 -0.0591316 
0.847637 0.486098 0.510466 0.862307 
-0.510465 -0.871672 -0.857228 -0.484103 
0.144697 0.0624266 0.0677054 0.148562 
0.847637 0.486098 0.841036 -0.474508 
-0.510465 -0.871672 -0.521581 0.878246 
0.144697 0.0624266 0.143567 -0.0593762 
0.847637 0.486098 0.50823 0.861123 
-0.510465 -0.871672 -0.858608 -0.486284 
0.144697 0.0624266 0.0670405 0.148309 
0.847637 0.486098 0.840992 -0.474552 
-0.510465 -0.871672 -0.521866 0.878177 
0.144697 0.0624266 0.142791 -0.0600421 
0.847637 0.486098 0.838943 -0.47081 
-0.510465 -0.871672 -0.525127 0.880273 
0.144697 0.0624266 0.142887 -0.0588048 
0.847637 0.486098 0.838587 -0.469306 
-0.510465 -0.871672 -0.525727 0.881082 
0.144697 0.0624266 0.142768 -0.0587035 
0.847637 0.486098 0.832645 -0.458409 
-0.510465 -0.871672 -0.53548 0.886958 
0.144697 0.0624266 0.141293 -0.0562758 
0.847637 0.486098 0.836454 -0.466156 
-0.510465 -0.871672 -0.529286 0.882809 
0.144697 0.0624266 0.142126 -0.0578463 
0.847637 0.486098 0.836088 -0.465779 
-0.510465 -0.871672 -0.529866 0.883028 
0.144697 0.0624266 0.142125 -0.0575437 
0.847637 0.486098 0.840222 -0.47287 
-0.510465 -0.871672 -0.523053 0.879113 
0.144697 0.0624266 0.142977 -0.0596225 
0.847637 0.486098 0.831661 -0.456275 
-0.510465 -0.871672 -0.537129 0.888081 
0.144697 0.0624266 0.140832 -0.0559041 
0.847637 0.486098 0.834784 -0.462387 
-0.510465 -0.871672 -0.532196 0.884824 
0.144697 0.0624266 0.141082 -0.0573137 
0.847637 0.486098 0.513852 0.86469 
-0.510465 -0.871672 -0.855134 -0.479916 
0.144697 0.0624266 0.0685699 0.148292 
0.847637 0.486098 0.838434 -0.469108 
-0.510465 -0.871672 -0.526019 0.881194 
0.144697 0.0624266 0.142592 -0.058598 
0.847637 0.486098 0.837516 -0.467722 
-0.510465 -0.871672 -0.527603 0.881927 
0.144697 0.0624266 0.142136 -0.0586605 
0.847637 0.486098 0.829386 -0.452514 
-0.510465 -0.871672 -0.540719 0.890083 
0.144697 0.0624266 0.140507 -0.0546252 
0.847637 0.486098 0.837598 -0.468872 
-0.510465 -0.871672 -0.527439 0.881317 
0.144697 0.0624266 0.142259 -0.0586482 
0.847637 0.486098 0.823698 -0.440782 
-0.510465 -0.871672 -0.549783 0.896087 
0.144697 0.0624266 0.138783 -0.0523459 
0.847637 0.486098 0.840485 -0.473741 
-0.510465 -0.871672 -0.522566 0.878656 
0.144697 0.0624266 0.143214 -0.0594362 
0.847637 0.486098 0.826701 -0.446526 
-0.510465 -0.871672 -0.544903 0.893182 
0.144697 0.0624266 0.140162 -0.053304 
0.847637 0.486098 0.837721 -0.468264 
-0.510465 -0.871672 -0.527258 0.881641 
0.144697 0.0624266 0.142204 -0.0586366 
0.847637 0.486098 0.833056 -0.459018 
-0.510465 -0.871672 -0.534792 0.886655 
0.144697 0.0624266 0.141479 -0.056074 
0.847637 0.486098 0.839221 -0.471007 
-0.510465 -0.871672 -0.524661 0.880146 
0.144697 0.0624266 0.142961 -0.0591187 
0.847637 0.486098 0.840483 -0.473481 
-0.510465 -0.871672 -0.522635 0.8788 
0.144697 0.0624266 0.142975 -0.0593835 
0.847637 0.486098 0.509792 0.862274 
-0.510465 -0.871672 -0.857648 -0.484221 
0.144697 0.0624266 0.0674706 0.148368 
0.847637 0.486098 0.833317 -0.460065 
-0.510465 -0.871672 -0.534338 0.886089 
0.144697 0.0624266 0.141653 -0.0564429 
0.847637 0.486098 0.838939 -0.470363 
-0.510465 -0.871672 -0.525279 0.8805 
0.144697 0.0624266 0.14235 -0.0589764 
0.847637 0.486098 0.831917 -0.457258 
-0.510465 -0.871672 -0.536649 0.887577 
0.144697 0.0624266 0.141143 -0.0558693 
0.847637 0.486098 0.828588 -0.450171 
-0.510465 -0.871672 -0.542001 0.891276 
0.144697 0.0624266 0.140275 -0.0545265 
0.847637 0.486098 0.548212 0.888188 
-0.510465 -0.871672 -0.832831 -0.432559 
0.144697 0.0624266 0.0765238 0.154966 
0.847637 0.486098 0.828627 -0.45112 
-0.510465 -0.871672 -0.541995 0.890795 
0.144697 0.0624266 0.140065 -0.0545538 
0.847637 0.486098 0.515562 0.865662 
-0.510465 -0.871672 -0.854064 -0.477889 
0.144697 0.0624266 0.0690604 0.149168 
0.847637 0.486098 0.836134 -0.465613 
-0.510465 -0.871672 -0.529729 0.88312 
0.144697 0.0624266 0.142362 -0.0574782 
0.847637 0.486098 0.837043 -0.466728 
-0.510465 -0.871672 -0.52851 0.882472 
0.144697 0.0624266 0.141553 -0.0583794 
0.847637 0.486098 0.509525 0.861742 
-0.510465 -0.871672 -0.857816 -0.485193 
0.144697 0.0624266 0.0673517 0.148285 
0.847637 0.486098 0.836115 -0.465412 
-0.510465 -0.871672 -0.529861 0.883206 
0.144697 0.0624266 0.141985 -0.0577795 
0.847637 0.486098 0.524063 0.871372 
-0.510465 -0.871672 -0.848725 -0.466935 
0.144697 0.0624266 0.0708811 0.150608 
0.847637 0.486098 0.829468 -0.452275 
-0.510465 -0.871672 -0.54071 0.890167 
0.144697 0.0624266 0.140055 -0.0552227 
0.847637 0.486098 0.830752 -0.454607 
-0.510465 -0.871672 -0.538499 0.888984 
0.144697 0.0624266 0.14096 -0.0551364 
0.847637 0.486098 0.839192 -0.470759 
-0.510465 -0.871672 -0.524926 0.880283 
0.144697 0.0624266 0.14216 -0.0590572 
0.847637 0.486098 0.789147 -0.353504 
-0.510465 -0.871672 -0.600307 0.934761 
0.144697 0.0624266 0.129917 -0.03546 
0.847637 0.486098 0.830564 -0.454271 
-0.510465 -0.871672 -0.538863 0.889159 
0.144697 0.0624266 0.140676 -0.0550874 
0.847637 0.486098 0.835829 -0.464183 
-0.510465 -0.871672 -0.530506 0.883828 
0.144697 0.0624266 0.141258 -0.0581499 
0.847637 0.486098 0.837513 -0.467892 
-0.510465 -0.871672 -0.527539 0.881865 
0.144697 0.0624266 0.142384 -0.0582322 
0.847637 0.486098 0.831944 -0.457687 
-0.510465 -0.871672 -0.536603 0.887355 
0.144697 0.0624266 0.141159 -0.0558921 
0.847637 0.486098 0.512185 0.863874 
-0.510465 -0.871672 -0.856137 -0.481303 
0.144697 0.0624266 0.0685192 0.148559 
0.847637 0.486098 0.838588 -0.470056 
-0.510465 -0.871672 -0.525772 0.880695 
0.144697 0.0624266 0.142597 -0.0585146 
0.847637 0.486098 0.835831 -0.464282 
-0.510465 -0.871672 -0.530458 0.883784 
0.144697 0.0624266 0.141426 -0.0580384 
0.847637 0.486098 0.8343 -0.461941 
-0.510465 -0.871672 -0.532841 0.885046 
0.144697 0.0624266 0.141507 -0.0574849 
0.847637 0.486098 0.834785 -0.463136 
-0.510465 -0.871672 -0.532117 0.884424 
0.144697 0.0624266 0.141369 -0.0574435 
0.847637 0.486098 0.836497 -0.465995 
-0.510465 -0.871672 -0.52915 0.882888 
0.144697 0.0624266 0.142386 -0.057936 
0.847637 0.486098 0.837338 -0.467856 
-0.510465 -0.871672 -0.527808 0.881893 
0.144697 0.0624266 0.142417 -0.058102 
0.847637 0.486098 0.832485 -0.458038 
-0.510465 -0.871672 -0.535732 0.887174 
0.144697 0.0624266 0.141283 -0.0558892 
0.847637 0.486098 0.838382 -0.469886 
-0.510465 -0.871672 -0.526006 0.880782 
0.144697 0.0624266 0.142946 -0.05856 
0.847637 0.486098 0.542944 0.88435 
-0.510465 -0.871672 -0.836437 -0.440584 
0.144697 0.0624266 0.074732 0.154307 
0.847637 0.486098 0.833367 -0.460114 
-0.510465 -0.871672 -0.534376 0.886045 
0.144697 0.0624266 0.141215 -0.0567477 
0.847637 0.486098 0.518166 0.867323 
-0.510465 -0.871672 -0.85244 -0.474901 
0.144697 0.0624266 0.0696444 0.149064 
0.847637 0.486098 0.548993 0.888764 
-0.510465 -0.871672 -0.832328 -0.431323 
0.144697 0.0624266 0.0763953 0.15511 
0.847637 0.486098 0.529234 0.874669 
-0.510465 -0.871672 -0.845437 -0.460307 
0.144697 0.0624266 0.0717453 0.151895 
0.847637 0.486098 0.834438 -0.462248 
-0.510465 -0.871672 -0.532479 0.884945 
0.144697 0.0624266 0.142056 -0.0565696 
0.847637 0.486098 0.837399 -0.467531 
-0.510465 -0.871672 -0.527671 0.882069 
0.144697 0.0624266 0.142568 -0.0580422 
0.847637 0.486098 0.836512 -0.465712 
-0.510465 -0.871672 -0.529089 0.883038 
0.144697 0.0624266 0.142522 -0.0579285 
0.847637 0.486098 0.832702 -0.45857 
-0.510465 -0.871672 -0.535369 0.886898 
0.144697 0.0624266 0.141375 -0.0559085 
0.847637 0.486098 0.835088 -0.463206 
-0.510465 -0.871672 -0.531592 0.884372 
0.144697 0.0624266 0.141555 -0.0576784 
0.847637 0.486098 0.831871 -0.457629 
-0.510465 -0.871672 -0.536706 0.887402 
0.144697 0.0624266 0.141201 -0.0556116 
0.847637 0.486098 0.832632 -0.458551 
-0.510465 -0.871672 -0.535494 0.8869 
0.144697 0.0624266 0.141319 -0.0560389 
0.847637 0.486098 0.833123 -0.459587 
-0.510465 -0.871672 -0.534709 0.886336 
0.144697 0.0624266 0.141398 -0.0564685 
