-0.340621 -0.425528 -0.418686 -0.304715 
0.463533 0.796017 0.747959 0.35899 
0.817994 0.430446 0.515034 0.882199 
-0.340621 -0.425528 -0.424717 -0.334541 
0.463533 0.796017 0.785967 0.445829 
0.817994 0.430446 0.4493 0.830253 
-0.340621 -0.425528 -0.423695 -0.331747 
0.463533 0.796017 0.782537 0.439342 
0.817994 0.430446 0.456201 0.834819 
-0.340621 -0.425528 -0.424582 -0.334664 
0.463533 0.796017 0.785211 0.446093 
0.817994 0.430446 0.450749 0.830061 
-0.340621 -0.425528 -0.423892 -0.333122 
0.463533 0.796017 0.782688 0.438972 
0.817994 0.430446 0.455757 0.834465 
-0.340621 -0.425528 -0.424329 -0.333155 
0.463533 0.796017 0.783328 0.440367 
0.817994 0.430446 0.454249 0.833717 
-0.340621 -0.425528 -0.423397 -0.333011 
0.463533 0.796017 0.783003 0.440053 
0.817994 0.430446 0.455677 0.83394 
-0.340621 -0.425528 -0.424022 -0.336078 
0.463533 0.796017 0.787291 0.447395 
0.817994 0.430446 0.447635 0.828787 
-0.340621 -0.425528 -0.425032 -0.332933 
0.463533 0.796017 0.783858 0.442218 
0.817994 0.430446 0.452674 0.832826 
-0.340621 -0.425528 -0.342004 0.425614 
0.463533 0.796017 0.467288 -0.798217 
0.817994 0.430446 0.815276 -0.426265 
-0.340621 -0.425528 -0.424038 -0.334102 
0.463533 0.796017 0.784584 0.443613 
0.817994 0.430446 0.45235 0.831615 
-0.340621 -0.425528 -0.424055 -0.334651 
0.463533 0.796017 0.78682 0.447115 
0.817994 0.430446 0.448432 0.829516 
-0.340621 -0.425528 -0.423902 -0.332795 
0.463533 0.796017 0.783374 0.44127 
0.817994 0.430446 0.454568 0.833383 
-0.340621 -0.425528 -0.423058 -0.335304 
0.463533 0.796017 0.78774 0.446246 
0.817994 0.430446 0.447758 0.82972 
-0.340621 -0.425528 -0.42468 -0.333566 
0.463533 0.796017 0.784714 0.443539 
0.817994 0.430446 0.451521 0.831869 
-0.340621 -0.425528 -0.340559 0.42616 
0.463533 0.796017 0.466514 -0.797579 
0.817994 0.430446 0.816324 -0.426913 
-0.340621 -0.425528 -0.423537 -0.324737 
0.463533 0.796017 0.772862 0.420096 
0.817994 0.430446 0.472547 0.847387 
-0.340621 -0.425528 -0.424707 -0.333641 
0.463533 0.796017 0.785522 0.44573 
0.817994 0.430446 0.450088 0.830668 
-0.340621 -0.425528 -0.424486 -0.331761 
0.463533 0.796017 0.782756 0.44078 
0.817994 0.430446 0.455088 0.834055 
-0.340621 -0.425528 -0.423088 -0.323196 
0.463533 0.796017 0.770318 0.412763 
0.817994 0.430446 0.477082 0.85157 
-0.340621 -0.425528 -0.425084 -0.33359 
0.463533 0.796017 0.785894 0.446383 
0.817994 0.430446 0.449081 0.830338 
-0.340621 -0.425528 -0.418766 -0.304952 
0.463533 0.796017 0.748199 0.359789 
0.817994 0.430446 0.51462 0.881791 
-0.340621 -0.425528 -0.424743 -0.334732 
0.463533 0.796017 0.786605 0.446579 
0.817994 0.430446 0.44816 0.829772 
-0.340621 -0.425528 -0.341496 0.426275 
0.463533 0.796017 0.468756 -0.798304 
0.817994 0.430446 0.814646 -0.425441 
-0.340621 -0.425528 -0.341707 0.425832 
0.463533 0.796017 0.468804 -0.7985 
0.817994 0.430446 0.81453 -0.425517 
-0.340621 -0.425528 -0.423132 -0.330552 
0.463533 0.796017 0.779111 0.431752 
0.817994 0.430446 0.462542 0.839241 
-0.340621 -0.425528 -0.423611 -0.326984 
0.463533 0.796017 0.774504 0.424172 
0.817994 0.430446 0.469784 0.844488 
-0.340621 -0.425528 -0.422894 -0.329427 
0.463533 0.796017 0.777468 0.42796 
0.817994 0.430446 0.465515 0.841622 
-0.340621 -0.425528 -0.340466 0.426563 
0.463533 0.796017 0.467025 -0.797093 
0.817994 0.430446 0.81607 -0.42742 
-0.340621 -0.425528 -0.424278 -0.334562 
0.463533 0.796017 0.786115 0.44518 
0.817994 0.430446 0.449456 0.830592 
-0.340621 -0.425528 -0.423795 -0.332516 
0.463533 0.796017 0.782594 0.438702 
0.817994 0.430446 0.456009 0.83485 
-0.340621 -0.425528 -0.423936 -0.334902 
0.463533 0.796017 0.785884 0.445546 
0.817994 0.430446 0.450183 0.830259 
-0.340621 -0.425528 -0.422363 -0.324186 
0.463533 0.796017 0.769752 0.412999 
0.817994 0.430446 0.478634 0.851079 
-0.340621 -0.425528 -0.425018 -0.334502 
0.463533 0.796017 0.786487 0.446924 
0.817994 0.430446 0.448104 0.829679 
-0.340621 -0.425528 -0.429468 -0.128301 
0.463533 0.796017 0.70227 0.293612 
0.817994 0.430446 0.56778 0.947275 
-0.340621 -0.425528 -0.424431 -0.335407 
0.463533 0.796017 0.786936 0.446999 
0.817994 0.430446 0.447872 0.829273 
-0.340621 -0.425528 -0.42349 -0.328191 
0.463533 0.796017 0.776007 0.425786 
0.817994 0.430446 0.467406 0.843206 
-0.340621 -0.425528 -0.428087 -0.0590028 
0.463533 0.796017 0.692655 0.255853 
0.817994 0.430446 0.580492 0.964913 
-0.340621 -0.425528 -0.422614 -0.32834 
0.463533 0.796017 0.7748 0.423139 
0.817994 0.430446 0.470194 0.84448 
-0.340621 -0.425528 -0.424831 -0.335384 
0.463533 0.796017 0.78662 0.447605 
0.817994 0.430446 0.448049 0.828956 
-0.340621 -0.425528 -0.423263 -0.328076 
0.463533 0.796017 0.776175 0.426615 
0.817994 0.430446 0.467335 0.842832 
-0.340621 -0.425528 -0.423755 -0.334748 
0.463533 0.796017 0.784772 0.44327 
0.817994 0.430446 0.452288 0.831538 
-0.340621 -0.425528 -0.42172 -0.321038 
0.463533 0.796017 0.767103 0.405753 
0.817994 0.430446 0.483431 0.855745 
-0.340621 -0.425528 -0.418929 -0.314806 
0.463533 0.796017 0.757209 0.379022 
0.817994 0.430446 0.501131 0.870195 
-0.340621 -0.425528 -0.424275 -0.33541 
0.463533 0.796017 0.786238 0.446295 
0.817994 0.430446 0.449245 0.829651 
-0.340621 -0.425528 -0.423341 -0.332065 
0.463533 0.796017 0.782683 0.438043 
0.817994 0.430446 0.456278 0.835375 
-0.340621 -0.425528 -0.428734 -0.0561802 
0.463533 0.796017 0.692188 0.25612 
0.817994 0.430446 0.580571 0.965011 
-0.340621 -0.425528 -0.422491 -0.327127 
0.463533 0.796017 0.774005 0.421552 
0.817994 0.430446 0.471613 0.845743 
-0.340621 -0.425528 -0.421065 -0.321858 
0.463533 0.796017 0.766627 0.404422 
0.817994 0.430446 0.484754 0.856067 
-0.340621 -0.425528 -0.430255 -0.11119 
0.463533 0.796017 0.69952 0.286341 
0.817994 0.430446 0.570572 0.951654 
-0.340621 -0.425528 -0.342586 0.425281 
0.463533 0.796017 0.469134 -0.79964 
0.817994 0.430446 0.813971 -0.423925 
-0.340621 -0.425528 -0.421517 -0.315296 
0.463533 0.796017 0.759811 0.390838 
0.817994 0.430446 0.494986 0.864774 
-0.340621 -0.425528 -0.342413 0.425545 
0.463533 0.796017 0.469537 -0.800415 
0.817994 0.430446 0.813811 -0.422193 
-0.340621 -0.425528 -0.341421 0.425582 
0.463533 0.796017 0.465796 -0.797406 
0.817994 0.430446 0.816374 -0.427812 
-0.340621 -0.425528 -0.342675 0.425974 
0.463533 0.796017 0.468434 -0.799546 
0.817994 0.430446 0.814336 -0.423405 
-0.340621 -0.425528 -0.423152 -0.331887 
0.463533 0.796017 0.781272 0.43551 
0.817994 0.430446 0.458864 0.836769 
-0.340621 -0.425528 -0.425099 -0.238982 
0.463533 0.796017 0.724027 0.323298 
0.817994 0.430446 0.543209 0.915623 
-0.340621 -0.425528 -0.424409 -0.335009 
0.463533 0.796017 0.787145 0.447454 
0.817994 0.430446 0.447526 0.829189 
-0.340621 -0.425528 -0.411333 -0.000165165 
0.463533 0.796017 0.679675 -0.000208181 
0.817994 0.430446 0.607327 1 
-0.340621 -0.425528 -0.424801 -0.334748 
0.463533 0.796017 0.785173 0.445405 
0.817994 0.430446 0.450608 0.830396 
-0.340621 -0.425528 -0.418517 -0.303521 
0.463533 0.796017 0.747357 0.356953 
0.817994 0.430446 0.516043 0.883436 
-0.340621 -0.425528 -0.342223 0.425075 
0.463533 0.796017 0.46678 -0.798489 
0.817994 0.430446 0.815475 -0.426294 
-0.340621 -0.425528 -0.341998 0.426961 
0.463533 0.796017 0.470434 -0.799153 
0.817994 0.430446 0.813468 -0.423154 
-0.340621 -0.425528 -0.423706 -0.33409 
0.463533 0.796017 0.785228 0.442859 
0.817994 0.430446 0.451542 0.832022 
-0.340621 -0.425528 -0.341261 0.426525 
0.463533 0.796017 0.467924 -0.798069 
0.817994 0.430446 0.815223 -0.425631 
-0.340621 -0.425528 -0.422793 -0.323931 
0.463533 0.796017 0.770277 0.415254 
0.817994 0.430446 0.477409 0.850078 
-0.340621 -0.425528 -0.422143 -0.325593 
0.463533 0.796017 0.7721 0.417346 
0.817994 0.430446 0.475034 0.848417 
-0.340621 -0.425528 -0.411286 -0.00286411 
0.463533 0.796017 0.679337 -0.00348607 
0.817994 0.430446 0.607738 0.99999 
-0.340621 -0.425528 -0.419074 -0.299567 
0.463533 0.796017 0.744886 0.351702 
0.817994 0.430446 0.519156 0.886885 
-0.340621 -0.425528 -0.424601 -0.332806 
0.463533 0.796017 0.783872 0.442908 
0.817994 0.430446 0.453055 0.832509 
-0.340621 -0.425528 -0.424263 -0.334722 
0.463533 0.796017 0.786938 0.447365 
0.817994 0.430446 0.448028 0.829353 
-0.340621 -0.425528 -0.342965 0.42605 
0.463533 0.796017 0.467933 -0.798724 
0.817994 0.430446 0.814502 -0.424879 
-0.340621 -0.425528 -0.424237 -0.334713 
0.463533 0.796017 0.785893 0.445616 
0.817994 0.430446 0.449883 0.830297 
-0.340621 -0.425528 -0.422912 -0.331322 
0.463533 0.796017 0.7795 0.431665 
0.817994 0.430446 0.462088 0.838982 
-0.340621 -0.425528 -0.419405 -0.303584 
0.463533 0.796017 0.747626 0.356852 
0.817994 0.430446 0.514932 0.883455 
-0.340621 -0.425528 -0.424716 -0.335272 
0.463533 0.796017 0.78746 0.447953 
0.817994 0.430446 0.44668 0.828813 
-0.340621 -0.425528 -0.423675 -0.333026 
0.463533 0.796017 0.783303 0.440121 
0.817994 0.430446 0.454903 0.833899 
-0.340621 -0.425528 -0.341733 0.426375 
0.463533 0.796017 0.469654 -0.799229 
0.817994 0.430446 0.814029 -0.423601 
-0.340621 -0.425528 -0.421827 -0.270145 
0.463533 0.796017 0.732751 0.332277 
0.817994 0.430446 0.533984 0.903667 
-0.340621 -0.425528 -0.424683 -0.335236 
0.463533 0.796017 0.786333 0.447432 
0.817994 0.430446 0.448693 0.829109 
-0.340621 -0.425528 -0.341959 0.425371 
0.463533 0.796017 0.466858 -0.798176 
0.817994 0.430446 0.815541 -0.426584 
-0.340621 -0.425528 -0.421473 -0.325428 
0.463533 0.796017 0.771226 0.413387 
0.817994 0.430446 0.477044 0.850416 
-0.340621 -0.425528 -0.423864 -0.332063 
0.463533 0.796017 0.782564 0.438362 
0.817994 0.430446 0.455996 0.835209 
-0.340621 -0.425528 -0.424096 -0.335169 
0.463533 0.796017 0.787242 0.447718 
0.817994 0.430446 0.447652 0.828981 
-0.340621 -0.425528 -0.341545 0.426065 
0.463533 0.796017 0.467615 -0.798219 
0.817994 0.430446 0.815281 -0.425811 
-0.340621 -0.425528 -0.423945 -0.335127 
0.463533 0.796017 0.784593 0.443102 
0.817994 0.430446 0.452421 0.831475 
-0.340621 -0.425528 -0.342012 0.425558 
0.463533 0.796017 0.468925 -0.79935 
0.817994 0.430446 0.814333 -0.424194 
-0.340621 -0.425528 -0.424649 -0.334775 
0.463533 0.796017 0.786319 0.447663 
0.817994 0.430446 0.448749 0.82917 
-0.340621 -0.425528 -0.425502 -0.333983 
0.463533 0.796017 0.785745 0.4466 
0.817994 0.430446 0.448946 0.830063 
-0.340621 -0.425528 -0.411501 -0.00164454 
0.463533 0.796017 0.679334 -0.00197318 
0.817994 0.430446 0.607595 0.999997 
-0.340621 -0.425528 -0.412127 0.0074605 
0.463533 0.796017 0.679527 0.0100048 
0.817994 0.430446 0.606954 0.999922 
-0.340621 -0.425528 -0.424087 -0.335139 
0.463533 0.796017 0.784784 0.443551 
0.817994 0.430446 0.451955 0.83123 
-0.340621 -0.425528 -0.423051 -0.334983 
0.463533 0.796017 0.78521 0.44337 
0.817994 0.430446 0.452187 0.83139 
-0.340621 -0.425528 -0.424145 -0.334098 
0.463533 0.796017 0.78435 0.442447 
0.817994 0.430446 0.452654 0.832237 
-0.340621 -0.425528 -0.423842 -0.334634 
0.463533 0.796017 0.785032 0.443954 
0.817994 0.430446 0.451756 0.831219 
-0.340621 -0.425528 -0.425059 -0.33373 
0.463533 0.796017 0.78537 0.444715 
0.817994 0.430446 0.450021 0.831176 
-0.340621 -0.425528 -0.424616 -0.33486 
0.463533 0.796017 0.786006 0.446012 
0.817994 0.430446 0.449328 0.830025 
-0.340621 -0.425528 -0.341544 0.425788 
0.463533 0.796017 0.467819 -0.798284 
0.817994 0.430446 0.815165 -0.425966 
-0.340621 -0.425528 -0.423555 -0.328671 
0.463533 0.796017 0.777692 0.43009 
0.817994 0.430446 0.464539 0.840832 
-0.340621 -0.425528 -0.423284 -0.329463 
0.463533 0.796017 0.776844 0.427715 
0.817994 0.430446 0.466201 0.841733 
-0.340621 -0.425528 -0.423245 -0.327396 
0.463533 0.796017 0.775606 0.426698 
0.817994 0.430446 0.468293 0.843054 
-0.340621 -0.425528 -0.412561 0.00917041 
0.463533 0.796017 0.679058 0.0130244 
0.817994 0.430446 0.607184 0.999873 
-0.340621 -0.425528 -0.424699 -0.335152 
0.463533 0.796017 0.786518 0.446276 
0.817994 0.430446 0.448353 0.829765 
-0.340621 -0.425528 -0.412171 0.00642093 
0.463533 0.796017 0.679066 0.00881815 
0.817994 0.430446 0.60744 0.999941 
-0.340621 -0.425528 -0.424243 -0.335285 
0.463533 0.796017 0.786132 0.445679 
0.817994 0.430446 0.449459 0.830033 
-0.340621 -0.425528 -0.424453 -0.335265 
0.463533 0.796017 0.786683 0.446642 
0.817994 0.430446 0.448296 0.829523 
-0.340621 -0.425528 -0.341412 0.427105 
0.463533 0.796017 0.468241 -0.797734 
0.817994 0.430446 0.814977 -0.425678 
-0.340621 -0.425528 -0.424136 -0.333722 
0.463533 0.796017 0.783631 0.441078 
0.817994 0.430446 0.453907 0.833115 
-0.340621 -0.425528 -0.424032 -0.334345 
0.463533 0.796017 0.783878 0.441719 
0.817994 0.430446 0.453577 0.832525 
-0.340621 -0.425528 -0.422865 -0.325247 
0.463533 0.796017 0.772829 0.419488 
0.817994 0.430446 0.473203 0.847493 
-0.340621 -0.425528 -0.423449 -0.334994 
0.463533 0.796017 0.785518 0.444028 
0.817994 0.430446 0.451278 0.831034 
-0.340621 -0.425528 -0.349999 0.428844 
0.463533 0.796017 0.494168 -0.814657 
0.817994 0.430446 0.795801 -0.390419 
-0.340621 -0.425528 -0.41189 0.00158385 
0.463533 0.796017 0.679633 0.00203417 
0.817994 0.430446 0.606997 0.999997 
-0.340621 -0.425528 -0.342658 0.425951 
0.463533 0.796017 0.467651 -0.798433 
0.817994 0.430446 0.814793 -0.425524 
-0.340621 -0.425528 -0.419542 -0.314419 
0.463533 0.796017 0.758105 0.383401 
0.817994 0.430446 0.49926 0.868415 
-0.340621 -0.425528 -0.424369 -0.33304 
0.463533 0.796017 0.783219 0.440234 
0.817994 0.430446 0.4544 0.833833 
-0.340621 -0.425528 -0.423595 -0.335369 
0.463533 0.796017 0.786068 0.444991 
0.817994 0.430446 0.450183 0.830368 
-0.340621 -0.425528 -0.424332 -0.333215 
0.463533 0.796017 0.784782 0.442468 
0.817994 0.430446 0.451729 0.83258 
-0.340621 -0.425528 -0.423576 -0.330821 
0.463533 0.796017 0.780543 0.43584 
0.817994 0.430446 0.459713 0.837019 
-0.340621 -0.425528 -0.422197 -0.325643 
0.463533 0.796017 0.770838 0.4152 
0.817994 0.430446 0.477031 0.849451 
-0.340621 -0.425528 -0.423658 -0.3309 
0.463533 0.796017 0.780856 0.43613 
0.817994 0.430446 0.459106 0.836837 
-0.340621 -0.425528 -0.34495 0.426966 
0.463533 0.796017 0.478933 -0.805015 
0.817994 0.430446 0.807237 -0.411886 
-0.340621 -0.425528 -0.42423 -0.334784 
0.463533 0.796017 0.786733 0.446297 
0.817994 0.430446 0.44842 0.829902 
-0.340621 -0.425528 -0.419572 -0.314311 
0.463533 0.796017 0.757219 0.381766 
0.817994 0.430446 0.500578 0.869174 
-0.340621 -0.425528 -0.425327 -0.33356 
0.463533 0.796017 0.785698 0.444365 
0.817994 0.430446 0.449195 0.831431 
-0.340621 -0.425528 -0.423465 -0.33421 
0.463533 0.796017 0.785429 0.443966 
0.817994 0.430446 0.451418 0.831383 
-0.340621 -0.425528 -0.423159 -0.328058 
0.463533 0.796017 0.775897 0.425445 
0.817994 0.430446 0.46789 0.84343 
-0.340621 -0.425528 -0.422426 -0.321855 
0.463533 0.796017 0.767355 0.409131 
0.817994 0.430446 0.482413 0.853827 
-0.340621 -0.425528 -0.416274 -0.306036 
0.463533 0.796017 0.743571 0.338439 
0.817994 0.430446 0.523276 0.889832 
-0.340621 -0.425528 -0.419572 -0.302278 
0.463533 0.796017 0.747326 0.35762 
0.817994 0.430446 0.51523 0.883593 
-0.340621 -0.425528 -0.424551 -0.33511 
0.463533 0.796017 0.786831 0.446358 
0.817994 0.430446 0.447944 0.829739 
-0.340621 -0.425528 -0.421119 -0.319224 
0.463533 0.796017 0.763114 0.397409 
0.817994 0.430446 0.49022 0.860327 
-0.340621 -0.425528 -0.348407 0.427163 
0.463533 0.796017 0.488283 -0.811743 
0.817994 0.430446 0.80012 -0.398254 
-0.340621 -0.425528 -0.421373 -0.321217 
0.463533 0.796017 0.766631 0.405411 
0.817994 0.430446 0.484481 0.855839 
-0.340621 -0.425528 -0.424163 -0.33417 
0.463533 0.796017 0.784554 0.443054 
0.817994 0.430446 0.452285 0.831885 
-0.340621 -0.425528 -0.342307 0.426507 
0.463533 0.796017 0.469707 -0.799108 
0.817994 0.430446 0.813757 -0.423696 
-0.340621 -0.425528 -0.424161 -0.333437 
0.463533 0.796017 0.784841 0.442728 
0.817994 0.430446 0.451788 0.832353 
-0.340621 -0.425528 -0.423272 -0.330088 
0.463533 0.796017 0.77902 0.432426 
0.817994 0.430446 0.462567 0.839077 
-0.340621 -0.425528 -0.420884 -0.32086 
0.463533 0.796017 0.764538 0.3985 
0.817994 0.430446 0.488199 0.859213 
-0.340621 -0.425528 -0.342394 0.425233 
0.463533 0.796017 0.467625 -0.799601 
0.817994 0.430446 0.814919 -0.424046 
-0.340621 -0.425528 -0.34157 0.42632 
0.463533 0.796017 0.467832 -0.798429 
0.817994 0.430446 0.815146 -0.425162 
-0.340621 -0.425528 -0.42392 -0.333024 
0.463533 0.796017 0.782967 0.440251 
0.817994 0.430446 0.455252 0.833831 
-0.340621 -0.425528 -0.411899 0.00669851 
0.463533 0.796017 0.679571 0.00925587 
0.817994 0.430446 0.607061 0.999935 
-0.340621 -0.425528 -0.341641 0.425594 
0.463533 0.796017 0.467605 -0.798714 
0.817994 0.430446 0.815247 -0.425353 
-0.340621 -0.425528 -0.424841 -0.335305 
0.463533 0.796017 0.787217 0.448235 
0.817994 0.430446 0.446989 0.828647 
-0.340621 -0.425528 -0.424186 -0.333758 
0.463533 0.796017 0.783602 0.441687 
0.817994 0.430446 0.453909 0.832778 
-0.340621 -0.425528 -0.42388 -0.252441 
0.463533 0.796017 0.727441 0.325449 
0.817994 0.430446 0.539589 0.911239 
-0.340621 -0.425528 -0.422095 -0.325997 
0.463533 0.796017 0.771591 0.414985 
0.817994 0.430446 0.475903 0.84942 
-0.340621 -0.425528 -0.425092 -0.333634 
0.463533 0.796017 0.786177 0.447193 
0.817994 0.430446 0.448579 0.829884 
-0.340621 -0.425528 -0.342098 0.426174 
0.463533 0.796017 0.468523 -0.798711 
0.817994 0.430446 0.814527 -0.424779 
-0.340621 -0.425528 -0.424225 -0.335676 
0.463533 0.796017 0.787266 0.44769 
0.817994 0.430446 0.447487 0.828791 
-0.340621 -0.425528 -0.342854 0.425798 
0.463533 0.796017 0.468424 -0.799441 
0.817994 0.430446 0.814266 -0.423781 
-0.340621 -0.425528 -0.412353 0.00570229 
0.463533 0.796017 0.679772 0.00769325 
0.817994 0.430446 0.606527 0.999954 
-0.340621 -0.425528 -0.422468 -0.326627 
0.463533 0.796017 0.774476 0.422685 
0.817994 0.430446 0.470859 0.845371 
-0.340621 -0.425528 -0.424745 -0.33284 
0.463533 0.796017 0.784696 0.444237 
0.817994 0.430446 0.451491 0.831788 
-0.340621 -0.425528 -0.425058 -0.334525 
0.463533 0.796017 0.786891 0.447163 
0.817994 0.430446 0.447357 0.829541 
-0.340621 -0.425528 -0.341273 0.426143 
0.463533 0.796017 0.466951 -0.797595 
0.817994 0.430446 0.815775 -0.426902 
-0.340621 -0.425528 -0.424366 -0.334827 
0.463533 0.796017 0.786617 0.446908 
0.817994 0.430446 0.448494 0.829556 
-0.340621 -0.425528 -0.424338 -0.334861 
0.463533 0.796017 0.785613 0.443809 
0.817994 0.430446 0.450277 0.831205 
-0.340621 -0.425528 -0.424174 -0.334773 
0.463533 0.796017 0.785246 0.442613 
0.817994 0.430446 0.451071 0.831878 
-0.340621 -0.425528 -0.424806 -0.32875 
0.463533 0.796017 0.776893 0.429098 
0.817994 0.430446 0.464733 0.841307 
-0.340621 -0.425528 -0.424488 -0.334901 
0.463533 0.796017 0.786734 0.446933 
0.817994 0.430446 0.448173 0.829513 
-0.340621 -0.425528 -0.341959 0.425482 
0.463533 0.796017 0.467387 -0.798107 
0.817994 0.430446 0.815239 -0.426603 
-0.340621 -0.425528 -0.425107 -0.333522 
0.463533 0.796017 0.785018 0.445409 
0.817994 0.430446 0.45059 0.830887 
-0.340621 -0.425528 -0.424928 -0.33463 
0.463533 0.796017 0.787305 0.447967 
0.817994 0.430446 0.446752 0.829065 
-0.340621 -0.425528 -0.424569 -0.335444 
0.463533 0.796017 0.786993 0.447727 
0.817994 0.430446 0.447642 0.828865 
-0.340621 -0.425528 -0.423055 -0.33054 
0.463533 0.796017 0.779323 0.431539 
0.817994 0.430446 0.462256 0.839356 
-0.340621 -0.425528 -0.41131 -0.00222202 
0.463533 0.796017 0.679374 -0.00268935 
0.817994 0.430446 0.60768 0.999994 
-0.340621 -0.425528 -0.424156 -0.333657 
0.463533 0.796017 0.784115 0.441272 
0.817994 0.430446 0.453052 0.833038 
-0.340621 -0.425528 -0.424731 -0.334345 
0.463533 0.796017 0.785641 0.445776 
0.817994 0.430446 0.449857 0.83036 
-0.340621 -0.425528 -0.423563 -0.330031 
0.463533 0.796017 0.778584 0.43105 
0.817994 0.430446 0.463034 0.839807 
-0.340621 -0.425528 -0.424964 -0.334042 
0.463533 0.796017 0.786503 0.447129 
0.817994 0.430446 0.448128 0.829754 
-0.340621 -0.425528 -0.423817 -0.332444 
0.463533 0.796017 0.782634 0.438863 
0.817994 0.430446 0.45592 0.834794 
-0.340621 -0.425528 -0.424316 -0.335758 
0.463533 0.796017 0.788155 0.448952 
0.817994 0.430446 0.445833 0.828075 
-0.340621 -0.425528 -0.424588 -0.335135 
0.463533 0.796017 0.786756 0.446628 
0.817994 0.430446 0.448041 0.829583 
-0.340621 -0.425528 -0.34182 0.426741 
0.463533 0.796017 0.46915 -0.798961 
0.817994 0.430446 0.814283 -0.423738 
-0.340621 -0.425528 -0.424698 -0.334111 
0.463533 0.796017 0.78519 0.444114 
0.817994 0.430446 0.450676 0.831344 
-0.340621 -0.425528 -0.423893 -0.334217 
0.463533 0.796017 0.785415 0.44318 
0.817994 0.430446 0.451041 0.8318 
-0.340621 -0.425528 -0.422775 -0.332877 
0.463533 0.796017 0.782579 0.437831 
0.817994 0.430446 0.456981 0.835163 
-0.340621 -0.425528 -0.423856 -0.333728 
0.463533 0.796017 0.785285 0.443847 
0.817994 0.430446 0.451302 0.83164 
-0.340621 -0.425528 -0.342474 0.42605 
0.463533 0.796017 0.46969 -0.799131 
0.817994 0.430446 0.813697 -0.424112 
-0.340621 -0.425528 -0.423639 -0.332848 
0.463533 0.796017 0.783703 0.439937 
0.817994 0.430446 0.454245 0.834067 
-0.340621 -0.425528 -0.411532 0.00169502 
0.463533 0.796017 0.67939 0.00215164 
0.817994 0.430446 0.607512 0.999996 
-0.340621 -0.425528 -0.340995 0.426603 
0.463533 0.796017 0.468446 -0.798473 
0.817994 0.430446 0.815034 -0.424796 
-0.340621 -0.425528 -0.423843 -0.331188 
0.463533 0.796017 0.780664 0.436564 
0.817994 0.430446 0.459261 0.836497 
-0.340621 -0.425528 -0.424274 -0.335537 
0.463533 0.796017 0.787066 0.447064 
0.817994 0.430446 0.447793 0.829185 
-0.340621 -0.425528 -0.34194 0.425597 
0.463533 0.796017 0.467792 -0.798256 
0.817994 0.430446 0.815014 -0.42621 
-0.340621 -0.425528 -0.424585 -0.333263 
0.463533 0.796017 0.783186 0.440776 
0.817994 0.430446 0.454254 0.833458 
-0.340621 -0.425528 -0.420389 -0.318796 
0.463533 0.796017 0.762682 0.394995 
0.817994 0.430446 0.491518 0.861596 
-0.340621 -0.425528 -0.423244 -0.324506 
0.463533 0.796017 0.771701 0.419107 
0.817994 0.430446 0.474702 0.847965 
-0.340621 -0.425528 -0.402716 -0.300621 
0.463533 0.796017 0.706595 0.121735 
0.817994 0.430446 0.581844 0.945943 
-0.340621 -0.425528 -0.425265 -0.334922 
0.463533 0.796017 0.786885 0.447853 
0.817994 0.430446 0.447172 0.829008 
-0.340621 -0.425528 -0.423957 -0.336902 
0.463533 0.796017 0.7882 0.449362 
0.817994 0.430446 0.446096 0.827388 
-0.340621 -0.425528 -0.422522 -0.324648 
0.463533 0.796017 0.770716 0.414714 
0.817994 0.430446 0.476941 0.850068 
-0.340621 -0.425528 -0.424418 -0.336082 
0.463533 0.796017 0.787465 0.448406 
0.817994 0.430446 0.446955 0.82824 
-0.340621 -0.425528 -0.418897 -0.300887 
0.463533 0.796017 0.745924 0.353766 
0.817994 0.430446 0.517806 0.885617 
-0.340621 -0.425528 -0.41911 -0.310428 
0.463533 0.796017 0.753224 0.372732 
0.817994 0.430446 0.506953 0.874474 
-0.340621 -0.425528 -0.423372 -0.331254 
0.463533 0.796017 0.780208 0.434604 
0.817994 0.430446 0.460469 0.83749 
-0.340621 -0.425528 -0.423112 -0.336245 
0.463533 0.796017 0.786189 0.445165 
0.817994 0.430446 0.450426 0.82992 
-0.340621 -0.425528 -0.423742 -0.335315 
0.463533 0.796017 0.786061 0.446222 
0.817994 0.430446 0.450057 0.829729 
