0.5 0.5 0.77033 0.22967 
0.5 0.5 0.734128 0.265872 
0.5 0.5 0.780082 0.219918 
0.5 0.5 0.720977 0.279023 
0.5 0.5 0.802927 0.197073 
0.5 0.5 0.732499 0.267501 
0.5 0.5 0.701834 0.298166 
0.5 0.5 0.765672 0.234328 
0.5 0.5 0.757169 0.242831 
0.5 0.5 0.741757 0.258243 
0.5 0.5 0.734118 0.265882 
0.5 0.5 0.805585 0.194415 
0.5 0.5 0.761379 0.238621 
0.5 0.5 0.728145 0.271855 
0.5 0.5 0.688791 0.311209 
0.5 0.5 0.798379 0.201621 
0.5 0.5 0.701576 0.298424 
0.5 0.5 0.726335 0.273665 
0.5 0.5 0.788234 0.211766 
0.5 0.5 0.763456 0.236544 
