0.00908146 -0.483303 -0.234328 0.567454 
0.611273 0.606066 0.659712 -0.223708 
0.791368 0.631745 0.714052 0.792433 
0.00908146 -0.483303 -0.324762 0.337387 
0.611273 0.606066 0.629669 0.0559309 
0.791368 0.631745 0.705724 0.939703 
0.00908146 -0.483303 -0.254424 0.454827 
0.611273 0.606066 0.667382 -0.174841 
0.791368 0.631745 0.699907 0.873248 
0.00908146 -0.483303 -0.281616 0.19873 
0.611273 0.606066 0.652274 0.000334329 
0.791368 0.631745 0.703727 0.980054 
0.00908146 -0.483303 -0.284138 -0.209333 
0.611273 0.606066 0.649096 -0.355126 
0.791368 0.631745 0.705648 0.911079 
0.00908146 -0.483303 -0.287744 0.0167156 
0.611273 0.606066 0.716086 0.0139804 
0.791368 0.631745 0.635943 0.999763 
0.00908146 -0.483303 -0.285232 0.132257 
0.611273 0.606066 0.698634 0.0719191 
0.791368 0.631745 0.656165 0.988603 
0.00908146 -0.483303 -0.315614 0.407998 
0.611273 0.606066 0.655484 -0.00318541 
0.791368 0.631745 0.686097 0.912977 
0.00908146 -0.483303 -0.257127 -0.0614436 
0.611273 0.606066 0.688519 -0.0386259 
0.791368 0.631745 0.678106 0.997363 
0.00908146 -0.483303 -0.256308 0.140673 
0.611273 0.606066 0.693561 0.0696408 
0.791368 0.631745 0.67326 0.987604 
0.00908146 -0.483303 -0.299739 0.172745 
0.611273 0.606066 0.680574 0.0984938 
0.791368 0.631745 0.668563 0.98003 
0.00908146 -0.483303 -0.257899 0.368621 
0.611273 0.606066 0.638427 -0.597698 
0.791368 0.631745 0.725189 0.711952 
0.00908146 -0.483303 -0.301678 0.209183 
0.611273 0.606066 0.66446 0.00720612 
0.791368 0.631745 0.683727 0.97785 
0.00908146 -0.483303 -0.206155 0.321684 
0.611273 0.606066 0.683938 -0.0364536 
0.791368 0.631745 0.699806 0.946145 
0.00908146 -0.483303 -0.326906 0.26825 
0.611273 0.606066 0.652322 0.165024 
0.791368 0.631745 0.68382 0.949109 
0.00908146 -0.483303 -0.247004 0.441383 
0.611273 0.606066 0.63489 -0.441703 
0.791368 0.631745 0.732054 0.781076 
0.00908146 -0.483303 -0.227517 0.0181674 
0.611273 0.606066 0.70715 0.018056 
0.791368 0.631745 0.669458 0.999672 
0.00908146 -0.483303 -0.301236 0.14309 
0.611273 0.606066 0.685748 0.0408498 
0.791368 0.631745 0.662575 0.988866 
0.00908146 -0.483303 -0.251599 0.132906 
0.611273 0.606066 0.64478 -0.582334 
0.791368 0.631745 0.721773 0.802012 
0.00908146 -0.483303 -0.247101 -0.0895788 
0.611273 0.606066 0.709813 -0.0326662 
0.791368 0.631745 0.659627 0.995444 
