0.5 0.5 0.546237 0.453763 
0.5 0.5 0.547848 0.452152 
0.5 0.5 0.553667 0.446333 
0.5 0.5 0.54386 0.45614 
0.5 0.5 0.550349 0.449651 
0.5 0.5 0.524606 0.475394 
0.5 0.5 0.561562 0.438438 
0.5 0.5 0.558521 0.441479 
0.5 0.5 0.536529 0.463471 
0.5 0.5 0.546444 0.453556 
0.5 0.5 0.534699 0.465301 
0.5 0.5 0.551388 0.448612 
0.5 0.5 0.582652 0.417348 
0.5 0.5 0.547539 0.452461 
0.5 0.5 0.555027 0.444973 
0.5 0.5 0.530533 0.469467 
0.5 0.5 0.532006 0.467994 
0.5 0.5 0.645451 0.354549 
0.5 0.5 0.653855 0.346145 
0.5 0.5 0.535305 0.464695 
0.5 0.5 0.540656 0.459344 
0.5 0.5 0.55521 0.44479 
0.5 0.5 0.522517 0.477483 
0.5 0.5 0.542863 0.457137 
0.5 0.5 0.581107 0.418893 
0.5 0.5 0.567015 0.432985 
0.5 0.5 0.534164 0.465836 
0.5 0.5 0.541474 0.458526 
0.5 0.5 0.542616 0.457384 
0.5 0.5 0.560093 0.439907 
0.5 0.5 0.551089 0.448911 
0.5 0.5 0.529695 0.470305 
0.5 0.5 0.535907 0.464093 
0.5 0.5 0.569063 0.430937 
0.5 0.5 0.587306 0.412694 
0.5 0.5 0.549394 0.450606 
0.5 0.5 0.551924 0.448076 
0.5 0.5 0.529209 0.470791 
0.5 0.5 0.599411 0.400589 
0.5 0.5 0.639539 0.360461 
0.5 0.5 0.550278 0.449722 
0.5 0.5 0.552775 0.447225 
0.5 0.5 0.628651 0.371349 
0.5 0.5 0.527279 0.472721 
0.5 0.5 0.672039 0.327961 
0.5 0.5 0.548064 0.451936 
0.5 0.5 0.525662 0.474338 
0.5 0.5 0.575013 0.424987 
0.5 0.5 0.570507 0.429493 
0.5 0.5 0.527389 0.472611 
0.5 0.5 0.539022 0.460978 
0.5 0.5 0.581076 0.418924 
0.5 0.5 0.57634 0.42366 
0.5 0.5 0.529839 0.470161 
0.5 0.5 0.549877 0.450123 
0.5 0.5 0.531454 0.468546 
0.5 0.5 0.578968 0.421032 
0.5 0.5 0.525556 0.474444 
0.5 0.5 0.534904 0.465096 
0.5 0.5 0.552138 0.447862 
0.5 0.5 0.547395 0.452605 
0.5 0.5 0.528453 0.471547 
0.5 0.5 0.545359 0.454641 
0.5 0.5 0.561879 0.438121 
0.5 0.5 0.537295 0.462705 
0.5 0.5 0.612099 0.387901 
0.5 0.5 0.534527 0.465473 
0.5 0.5 0.539539 0.460461 
0.5 0.5 0.527469 0.472531 
0.5 0.5 0.567984 0.432016 
0.5 0.5 0.532096 0.467904 
0.5 0.5 0.579227 0.420773 
0.5 0.5 0.547677 0.452323 
0.5 0.5 0.538652 0.461348 
0.5 0.5 0.525869 0.474131 
0.5 0.5 0.545012 0.454988 
0.5 0.5 0.532014 0.467986 
0.5 0.5 0.522672 0.477328 
0.5 0.5 0.548598 0.451402 
0.5 0.5 0.560554 0.439446 
0.5 0.5 0.533658 0.466342 
0.5 0.5 0.56254 0.43746 
0.5 0.5 0.599371 0.400629 
0.5 0.5 0.550082 0.449918 
0.5 0.5 0.543359 0.456641 
0.5 0.5 0.54376 0.45624 
0.5 0.5 0.544844 0.455156 
0.5 0.5 0.570993 0.429007 
0.5 0.5 0.545406 0.454594 
0.5 0.5 0.570821 0.429179 
0.5 0.5 0.578125 0.421875 
0.5 0.5 0.548328 0.451672 
0.5 0.5 0.553308 0.446692 
0.5 0.5 0.529577 0.470423 
0.5 0.5 0.53834 0.46166 
0.5 0.5 0.538996 0.461004 
0.5 0.5 0.529252 0.470748 
0.5 0.5 0.536071 0.463929 
0.5 0.5 0.558447 0.441553 
0.5 0.5 0.686755 0.313245 
0.5 0.5 0.535666 0.464334 
0.5 0.5 0.540298 0.459702 
0.5 0.5 0.527559 0.472441 
0.5 0.5 0.55204 0.44796 
0.5 0.5 0.523997 0.476003 
0.5 0.5 0.607764 0.392236 
0.5 0.5 0.550774 0.449226 
0.5 0.5 0.554593 0.445407 
0.5 0.5 0.555888 0.444112 
0.5 0.5 0.582573 0.417427 
0.5 0.5 0.537776 0.462224 
0.5 0.5 0.566996 0.433004 
0.5 0.5 0.531314 0.468686 
0.5 0.5 0.536705 0.463295 
0.5 0.5 0.552505 0.447495 
0.5 0.5 0.562406 0.437594 
0.5 0.5 0.545309 0.454691 
0.5 0.5 0.576675 0.423325 
0.5 0.5 0.529666 0.470334 
0.5 0.5 0.631298 0.368702 
0.5 0.5 0.564339 0.435661 
0.5 0.5 0.561355 0.438645 
0.5 0.5 0.58013 0.41987 
0.5 0.5 0.531834 0.468166 
0.5 0.5 0.579813 0.420187 
0.5 0.5 0.538976 0.461024 
0.5 0.5 0.596188 0.403812 
0.5 0.5 0.550941 0.449059 
0.5 0.5 0.567278 0.432722 
0.5 0.5 0.524472 0.475528 
0.5 0.5 0.533911 0.466089 
0.5 0.5 0.599215 0.400785 
0.5 0.5 0.527156 0.472844 
0.5 0.5 0.547441 0.452559 
0.5 0.5 0.521237 0.478763 
0.5 0.5 0.542871 0.457129 
0.5 0.5 0.521603 0.478397 
0.5 0.5 0.527981 0.472019 
0.5 0.5 0.529593 0.470407 
0.5 0.5 0.548974 0.451026 
0.5 0.5 0.535927 0.464073 
0.5 0.5 0.537054 0.462946 
0.5 0.5 0.524135 0.475865 
0.5 0.5 0.552096 0.447904 
0.5 0.5 0.541918 0.458082 
0.5 0.5 0.553923 0.446077 
0.5 0.5 0.530153 0.469847 
0.5 0.5 0.53316 0.46684 
0.5 0.5 0.558616 0.441384 
0.5 0.5 0.532208 0.467792 
0.5 0.5 0.578001 0.421999 
0.5 0.5 0.522994 0.477006 
0.5 0.5 0.568501 0.431499 
0.5 0.5 0.532353 0.467647 
0.5 0.5 0.547849 0.452151 
0.5 0.5 0.527114 0.472886 
0.5 0.5 0.523192 0.476808 
0.5 0.5 0.546355 0.453645 
0.5 0.5 0.546769 0.453231 
0.5 0.5 0.5286 0.4714 
0.5 0.5 0.550918 0.449082 
0.5 0.5 0.561993 0.438007 
0.5 0.5 0.626705 0.373295 
0.5 0.5 0.561796 0.438204 
0.5 0.5 0.557408 0.442592 
0.5 0.5 0.536933 0.463067 
0.5 0.5 0.534631 0.465369 
0.5 0.5 0.545547 0.454453 
0.5 0.5 0.53737 0.46263 
0.5 0.5 0.575475 0.424525 
0.5 0.5 0.559155 0.440845 
0.5 0.5 0.555347 0.444653 
0.5 0.5 0.527787 0.472213 
0.5 0.5 0.691918 0.308082 
0.5 0.5 0.556011 0.443989 
0.5 0.5 0.538508 0.461492 
0.5 0.5 0.532949 0.467051 
0.5 0.5 0.550525 0.449475 
0.5 0.5 0.551134 0.448866 
0.5 0.5 0.529287 0.470713 
0.5 0.5 0.538958 0.461042 
0.5 0.5 0.543324 0.456676 
0.5 0.5 0.541064 0.458936 
0.5 0.5 0.536097 0.463903 
0.5 0.5 0.532934 0.467066 
0.5 0.5 0.54952 0.45048 
0.5 0.5 0.529993 0.470007 
0.5 0.5 0.615601 0.384399 
0.5 0.5 0.546352 0.453648 
0.5 0.5 0.562767 0.437233 
0.5 0.5 0.628617 0.371383 
0.5 0.5 0.586262 0.413738 
0.5 0.5 0.542583 0.457417 
0.5 0.5 0.53307 0.46693 
0.5 0.5 0.536181 0.463819 
0.5 0.5 0.548467 0.451533 
0.5 0.5 0.5409 0.4591 
0.5 0.5 0.550706 0.449294 
0.5 0.5 0.548802 0.451198 
0.5 0.5 0.546921 0.453079 
