0.5 0.5 0.673631 0.326369 
0.5 0.5 0.535144 0.464856 
0.5 0.5 0.548382 0.451618 
0.5 0.5 0.536084 0.463916 
0.5 0.5 0.548138 0.451862 
0.5 0.5 0.544911 0.455089 
0.5 0.5 0.546008 0.453992 
0.5 0.5 0.531278 0.468722 
0.5 0.5 0.54129 0.45871 
0.5 0.5 0.507613 0.492387 
0.5 0.5 0.540239 0.459761 
0.5 0.5 0.533099 0.466901 
0.5 0.5 0.544652 0.455348 
0.5 0.5 0.532123 0.467877 
0.5 0.5 0.539816 0.460184 
0.5 0.5 0.505042 0.494958 
0.5 0.5 0.581613 0.418387 
0.5 0.5 0.536248 0.463752 
0.5 0.5 0.545968 0.454032 
0.5 0.5 0.59199 0.40801 
0.5 0.5 0.534743 0.465257 
0.5 0.5 0.671703 0.328297 
0.5 0.5 0.533545 0.466455 
0.5 0.5 0.509534 0.490466 
0.5 0.5 0.509668 0.490332 
0.5 0.5 0.560877 0.439123 
0.5 0.5 0.575247 0.424753 
0.5 0.5 0.567315 0.432685 
0.5 0.5 0.506135 0.493865 
0.5 0.5 0.534289 0.465711 
0.5 0.5 0.547951 0.452049 
0.5 0.5 0.53651 0.46349 
0.5 0.5 0.594063 0.405937 
0.5 0.5 0.532972 0.467028 
0.5 0.5 0.799643 0.200357 
0.5 0.5 0.532323 0.467677 
0.5 0.5 0.570117 0.429883 
0.5 0.5 0.82662 0.17338 
0.5 0.5 0.576659 0.423341 
0.5 0.5 0.532234 0.467766 
0.5 0.5 0.5703 0.4297 
0.5 0.5 0.540564 0.459436 
0.5 0.5 0.60471 0.39529 
0.5 0.5 0.643584 0.356416 
0.5 0.5 0.534195 0.465805 
0.5 0.5 0.549488 0.450512 
0.5 0.5 0.827089 0.172911 
0.5 0.5 0.579268 0.420732 
0.5 0.5 0.606934 0.393066 
0.5 0.5 0.806217 0.193783 
0.5 0.5 0.512018 0.487982 
0.5 0.5 0.62937 0.37063 
0.5 0.5 0.513319 0.486681 
0.5 0.5 0.504782 0.495218 
0.5 0.5 0.512296 0.487704 
0.5 0.5 0.554374 0.445626 
0.5 0.5 0.742364 0.257636 
0.5 0.5 0.531309 0.468691 
0.5 0.5 0.874194 0.125806 
0.5 0.5 0.536556 0.463444 
0.5 0.5 0.67547 0.32453 
0.5 0.5 0.507436 0.492564 
0.5 0.5 0.512434 0.487566 
0.5 0.5 0.540659 0.459341 
0.5 0.5 0.508813 0.491187 
0.5 0.5 0.590707 0.409293 
0.5 0.5 0.585931 0.414069 
0.5 0.5 0.874573 0.125427 
0.5 0.5 0.683165 0.316835 
0.5 0.5 0.542355 0.457645 
0.5 0.5 0.532507 0.467493 
0.5 0.5 0.509694 0.490306 
0.5 0.5 0.536515 0.463485 
0.5 0.5 0.560353 0.439647 
0.5 0.5 0.675125 0.324875 
0.5 0.5 0.530301 0.469699 
0.5 0.5 0.544946 0.455054 
0.5 0.5 0.51183 0.48817 
0.5 0.5 0.7193 0.2807 
0.5 0.5 0.533075 0.466925 
0.5 0.5 0.506004 0.493996 
0.5 0.5 0.590891 0.409109 
0.5 0.5 0.548472 0.451528 
0.5 0.5 0.531596 0.468404 
0.5 0.5 0.508571 0.491429 
0.5 0.5 0.540348 0.459652 
0.5 0.5 0.511235 0.488765 
0.5 0.5 0.533131 0.466869 
0.5 0.5 0.534325 0.465675 
0.5 0.5 0.874264 0.125736 
0.5 0.5 0.873813 0.126187 
0.5 0.5 0.539174 0.460826 
0.5 0.5 0.540085 0.459915 
0.5 0.5 0.541001 0.458999 
0.5 0.5 0.538782 0.461218 
0.5 0.5 0.537033 0.462967 
0.5 0.5 0.534134 0.465866 
0.5 0.5 0.507955 0.492045 
0.5 0.5 0.564237 0.435763 
0.5 0.5 0.56774 0.43226 
0.5 0.5 0.571718 0.428282 
0.5 0.5 0.873937 0.126063 
0.5 0.5 0.533017 0.466983 
0.5 0.5 0.873859 0.126141 
0.5 0.5 0.534568 0.465432 
0.5 0.5 0.533509 0.466491 
0.5 0.5 0.508917 0.491083 
0.5 0.5 0.543802 0.456198 
0.5 0.5 0.542953 0.457047 
0.5 0.5 0.58235 0.41765 
0.5 0.5 0.538389 0.461611 
0.5 0.5 0.566335 0.433665 
0.5 0.5 0.874025 0.125975 
0.5 0.5 0.509135 0.490865 
0.5 0.5 0.638948 0.361052 
0.5 0.5 0.544169 0.455831 
0.5 0.5 0.536836 0.463164 
0.5 0.5 0.540549 0.459451 
0.5 0.5 0.555483 0.444517 
0.5 0.5 0.590492 0.409508 
0.5 0.5 0.553986 0.446014 
0.5 0.5 0.532927 0.467073 
0.5 0.5 0.533791 0.466209 
0.5 0.5 0.640739 0.359261 
0.5 0.5 0.537344 0.462656 
0.5 0.5 0.538025 0.461975 
0.5 0.5 0.572343 0.427657 
0.5 0.5 0.600995 0.399005 
0.5 0.5 0.692209 0.307791 
0.5 0.5 0.675376 0.324624 
0.5 0.5 0.532957 0.467043 
0.5 0.5 0.618683 0.381317 
0.5 0.5 0.553973 0.446027 
0.5 0.5 0.606487 0.393513 
0.5 0.5 0.540339 0.459661 
0.5 0.5 0.51169 0.48831 
0.5 0.5 0.540202 0.459798 
0.5 0.5 0.56011 0.43989 
0.5 0.5 0.614666 0.385334 
0.5 0.5 0.510274 0.489726 
0.5 0.5 0.509044 0.490956 
0.5 0.5 0.54575 0.45425 
0.5 0.5 0.873853 0.126147 
0.5 0.5 0.508079 0.491921 
0.5 0.5 0.531216 0.468784 
0.5 0.5 0.54308 0.45692 
0.5 0.5 0.733725 0.266275 
0.5 0.5 0.589496 0.410504 
0.5 0.5 0.533703 0.466297 
0.5 0.5 0.509371 0.490629 
0.5 0.5 0.531408 0.468592 
0.5 0.5 0.511074 0.488926 
0.5 0.5 0.873946 0.126054 
0.5 0.5 0.576329 0.423671 
0.5 0.5 0.539122 0.460878 
0.5 0.5 0.531699 0.468301 
0.5 0.5 0.507132 0.492868 
0.5 0.5 0.532892 0.467108 
0.5 0.5 0.537375 0.462625 
0.5 0.5 0.539694 0.460306 
0.5 0.5 0.567064 0.432936 
0.5 0.5 0.532984 0.467016 
0.5 0.5 0.507682 0.492318 
0.5 0.5 0.53698 0.46302 
0.5 0.5 0.530798 0.469202 
0.5 0.5 0.531673 0.468327 
0.5 0.5 0.560018 0.439982 
0.5 0.5 0.874647 0.125353 
0.5 0.5 0.542884 0.457116 
0.5 0.5 0.535791 0.464209 
0.5 0.5 0.561938 0.438062 
0.5 0.5 0.532676 0.467324 
0.5 0.5 0.547851 0.452149 
0.5 0.5 0.528888 0.471112 
0.5 0.5 0.532284 0.467716 
0.5 0.5 0.511379 0.488621 
0.5 0.5 0.537717 0.462283 
0.5 0.5 0.538567 0.461433 
0.5 0.5 0.54963 0.45037 
0.5 0.5 0.538543 0.461457 
0.5 0.5 0.512185 0.487815 
0.5 0.5 0.54583 0.45417 
0.5 0.5 0.874524 0.125476 
0.5 0.5 0.509008 0.490992 
0.5 0.5 0.553249 0.446751 
0.5 0.5 0.532609 0.467391 
0.5 0.5 0.509137 0.490863 
0.5 0.5 0.544655 0.455345 
0.5 0.5 0.620808 0.379192 
0.5 0.5 0.584544 0.415456 
0.5 0.5 0.82185 0.17815 
0.5 0.5 0.531659 0.468341 
0.5 0.5 0.52806 0.47194 
0.5 0.5 0.591069 0.408931 
0.5 0.5 0.530204 0.469796 
0.5 0.5 0.680288 0.319712 
0.5 0.5 0.654201 0.345799 
0.5 0.5 0.556387 0.443613 
0.5 0.5 0.536019 0.463981 
0.5 0.5 0.535254 0.464746 
