0.0348337 -0.467112 -0.467142 0.0346386 
0.328817 0.336854 0.33695 0.32876 
0.943751 0.817518 0.817461 0.943778 
0.0348337 -0.467112 -0.467205 0.0347321 
0.328817 0.336854 0.336899 0.328776 
0.943751 0.817518 0.817447 0.943769 
0.0348337 -0.467112 -0.46735 0.0346715 
0.328817 0.336854 0.336866 0.328814 
0.943751 0.817518 0.817377 0.943758 
0.0348337 -0.467112 -0.467024 0.0349152 
0.328817 0.336854 0.336825 0.328844 
0.943751 0.817518 0.81758 0.943739 
0.0348337 -0.467112 -0.467307 0.0347764 
0.328817 0.336854 0.336756 0.328887 
0.943751 0.817518 0.817447 0.943729 
0.0348337 -0.467112 -0.467123 0.0348347 
0.328817 0.336854 0.336921 0.328733 
0.943751 0.817518 0.817484 0.94378 
0.0348337 -0.467112 -0.46724 0.0346722 
0.328817 0.336854 0.336908 0.328801 
0.943751 0.817518 0.817423 0.943762 
0.0348337 -0.467112 -0.467025 0.0348814 
0.328817 0.336854 0.336898 0.328855 
0.943751 0.817518 0.817549 0.943736 
0.0348337 -0.467112 -0.467136 0.0347456 
0.328817 0.336854 0.33682 0.32894 
0.943751 0.817518 0.817518 0.943712 
0.0348337 -0.467112 -0.467371 0.0344451 
0.328817 0.336854 0.336822 0.328867 
0.943751 0.817518 0.817383 0.943748 
0.0348337 -0.467112 -0.467112 0.0347757 
0.328817 0.336854 0.336972 0.328783 
0.943751 0.817518 0.817469 0.943765 
0.0348337 -0.467112 -0.467143 0.034744 
0.328817 0.336854 0.336746 0.328943 
0.943751 0.817518 0.817545 0.943711 
0.0348337 -0.467112 -0.467177 0.0346776 
0.328817 0.336854 0.336843 0.328891 
0.943751 0.817518 0.817486 0.943731 
0.0348337 -0.467112 -0.467044 0.0349207 
0.328817 0.336854 0.336784 0.328807 
0.943751 0.817518 0.817586 0.943751 
0.0348337 -0.467112 -0.467243 0.0346411 
0.328817 0.336854 0.336802 0.32888 
0.943751 0.817518 0.817465 0.943736 
